0 84 37 0 16667
0 26 60 0 16667
0 84 37 1 16667
0 26 60 1 16667
0 84 37 2 16667
0 26 60 2 16667
1 86 60 0 14286
1 86 30 0 14286
1 85 60 0 14286
1 85 30 0 14286
1 83 37 0 14286
1 82 44 0 14286
1 82 14 0 14286
2 86 23 0 10000
2 84 60 0 10000
2 84 30 0 10000
2 83 60 0 10000
2 82 37 0 10000
2 81 44 0 10000
2 81 14 0 10000
2 46 50 0 10000
2 37 48 0 10000
2 27 53 0 10000
3 82 60 0 12500
3 80 21 0 12500
3 46 43 0 12500
3 36 48 0 12500
3 82 60 1 12500
3 80 21 1 12500
3 46 43 1 12500
3 36 48 1 12500
4 85 23 0 10000
4 83 30 0 10000
4 81 60 0 10000
4 81 37 0 10000
4 80 60 0 10000
4 80 51 0 10000
4 80 44 0 10000
4 80 14 0 10000
4 79 21 0 10000
4 46 59 0 10000
4 45 59 0 10000
4 45 50 0 10000
4 45 43 0 10000
4 36 55 0 10000
4 26 53 0 10000
5 86 53 0 10000
5 86 16 0 10000
5 84 23 0 10000
5 82 30 0 10000
5 80 37 0 10000
5 79 60 0 10000
5 79 51 0 10000
5 79 44 0 10000
5 79 14 0 10000
5 37 57 0 10000
5 36 57 0 10000
5 35 55 0 10000
5 35 48 0 10000
6 86 55 0 10000
6 85 55 0 10000
6 85 53 0 10000
6 85 16 0 10000
6 84 55 0 10000
6 84 53 0 10000
6 83 23 0 10000
6 81 30 0 10000
6 79 37 0 10000
6 37 41 0 10000
6 35 57 0 10000
7 84 16 0 10000
7 83 55 0 10000
7 83 53 0 10000
7 82 55 0 10000
7 82 23 0 10000
7 81 55 0 10000
7 80 30 0 10000
7 37 59 0 10000
7 36 41 0 10000
7 27 46 0 10000
7 27 39 0 10000
8 86 46 0 10000
8 83 16 0 10000
8 82 53 0 10000
8 81 23 0 10000
8 80 55 0 10000
8 79 30 0 10000
8 36 59 0 10000
8 35 59 0 10000
8 35 41 0 10000
8 26 39 0 10000
9 86 57 0 11112
9 86 39 0 11112
9 85 46 0 11112
9 85 39 0 11112
9 82 16 0 11112
9 81 53 0 11112
9 80 23 0 11112
9 27 57 0 11112
9 26 57 0 11112
10 86 32 0 11112
10 85 57 0 11112
10 84 57 0 11112
10 84 46 0 11112
10 84 39 0 11112
10 83 57 0 11112
10 81 16 0 11112
10 80 53 0 11112
10 79 23 0 11112
11 85 32 0 11112
11 83 46 0 11112
11 83 39 0 11112
11 82 57 0 11112
11 82 46 0 11112
11 81 57 0 11112
11 79 53 0 11112
11 46 52 0 11112
11 37 50 0 11112
12 86 59 0 10000
12 86 25 0 10000
12 85 25 0 10000
12 84 32 0 10000
12 82 39 0 10000
12 80 57 0 10000
12 80 16 0 10000
12 79 57 0 10000
12 79 16 0 10000
12 46 56 0 10000
12 45 56 0 10000
12 45 52 0 10000
12 37 43 0 10000
12 36 50 0 10000
12 27 59 0 10000
12 27 55 0 10000
12 27 48 0 10000
12 26 59 0 10000
13 86 48 0 10000
13 86 18 0 10000
13 85 59 0 10000
13 85 18 0 10000
13 84 59 0 10000
13 84 25 0 10000
13 83 59 0 10000
13 83 32 0 10000
13 82 59 0 10000
13 82 32 0 10000
13 81 46 0 10000
13 81 39 0 10000
13 80 46 0 10000
13 80 39 0 10000
13 46 45 0 10000
13 36 43 0 10000
13 35 50 0 10000
13 26 55 0 10000
13 26 48 0 10000
14 86 11 0 10000
14 85 48 0 10000
14 84 18 0 10000
14 83 25 0 10000
14 81 59 0 10000
14 81 32 0 10000
14 80 59 0 10000
14 79 59 0 10000
14 79 46 0 10000
14 79 39 0 10000
14 46 58 0 10000
14 45 58 0 10000
14 45 45 0 10000
14 37 56 0 10000
14 35 43 0 10000
15 85 11 0 12500
15 84 48 0 12500
15 83 18 0 12500
15 82 25 0 12500
15 80 32 0 12500
15 36 56 0 12500
15 35 56 0 12500
15 27 41 0 12500
16 86 41 0 10000
16 85 41 0 10000
16 84 11 0 10000
16 83 48 0 10000
16 82 48 0 10000
16 82 18 0 10000
16 81 25 0 10000
16 80 25 0 10000
16 79 32 0 10000
16 26 41 0 10000
17 86 34 0 14286
17 84 41 0 14286
17 83 11 0 14286
17 81 18 0 14286
17 46 60 0 14286
17 46 54 0 14286
17 37 58 0 14286
18 85 34 0 10000
18 83 41 0 10000
18 82 11 0 10000
18 81 48 0 10000
18 80 18 0 10000
18 79 25 0 10000
18 45 60 0 10000
18 45 54 0 10000
18 37 52 0 10000
18 36 58 0 10000
18 35 58 0 10000
18 27 56 0 10000
19 86 56 0 14286
19 84 34 0 14286
19 82 41 0 14286
19 80 48 0 14286
19 46 47 0 14286
19 36 52 0 14286
19 26 56 0 14286
20 85 56 0 10000
20 85 27 0 10000
20 84 56 0 10000
20 83 56 0 10000
20 83 34 0 10000
20 81 41 0 10000
20 81 11 0 10000
20 79 48 0 10000
20 79 18 0 10000
20 45 47 0 10000
20 35 52 0 10000
20 27 50 0 10000
21 86 50 0 10000
21 86 20 0 10000
21 84 27 0 10000
21 82 56 0 10000
21 82 34 0 10000
21 81 56 0 10000
21 80 41 0 10000
21 80 11 0 10000
21 46 40 0 10000
21 37 60 0 10000
21 37 45 0 10000
21 26 50 0 10000
22 85 50 0 11112
22 85 20 0 11112
22 83 27 0 11112
22 81 34 0 11112
22 79 41 0 11112
22 79 11 0 11112
22 45 40 0 11112
22 36 45 0 11112
22 27 43 0 11112
23 86 43 0 20000
23 86 13 0 20000
23 84 20 0 20000
23 82 27 0 20000
23 26 43 0 20000
24 86 36 0 10000
24 85 43 0 10000
24 85 13 0 10000
24 84 50 0 10000
24 84 43 0 10000
24 84 13 0 10000
24 83 50 0 10000
24 83 20 0 10000
24 82 50 0 10000
24 82 20 0 10000
24 81 27 0 10000
24 80 34 0 10000
24 80 27 0 10000
24 79 34 0 10000
24 35 45 0 10000
25 85 36 0 14286
25 83 43 0 14286
25 83 13 0 14286
25 81 50 0 14286
25 81 20 0 14286
25 79 27 0 14286
25 37 54 0 14286
26 84 36 0 14286
26 82 43 0 14286
26 82 13 0 14286
26 80 50 0 14286
26 80 20 0 14286
26 46 49 0 14286
26 36 54 0 14286
27 86 29 0 10000
27 85 29 0 10000
27 83 36 0 10000
27 81 43 0 10000
27 81 13 0 10000
27 79 50 0 10000
27 79 20 0 10000
27 45 49 0 10000
27 37 47 0 10000
27 35 54 0 10000
27 27 52 0 10000
28 86 52 0 11112
28 86 22 0 11112
28 84 29 0 11112
28 82 36 0 11112
28 80 43 0 11112
28 80 13 0 11112
28 46 42 0 11112
28 36 47 0 11112
28 26 52 0 11112
29 85 52 0 11112
29 85 22 0 11112
29 83 29 0 11112
29 81 36 0 11112
29 79 43 0 11112
29 79 13 0 11112
29 45 42 0 11112
29 37 40 0 11112
29 35 47 0 11112
30 84 52 0 16667
30 84 22 0 16667
30 82 29 0 16667
30 80 36 0 16667
30 36 40 0 16667
30 27 45 0 16667
31 86 45 0 10000
31 86 38 0 10000
31 86 15 0 10000
31 85 45 0 10000
31 85 38 0 10000
31 85 15 0 10000
31 84 45 0 10000
31 84 15 0 10000
31 83 52 0 10000
31 83 22 0 10000
31 82 52 0 10000
31 82 22 0 10000
31 81 52 0 10000
31 81 29 0 10000
31 80 29 0 10000
31 79 36 0 10000
31 79 29 0 10000
31 35 40 0 10000
31 26 45 0 10000
32 86 31 0 10000
32 85 31 0 10000
32 84 38 0 10000
32 83 45 0 10000
32 83 38 0 10000
32 83 15 0 10000
32 82 45 0 10000
32 82 15 0 10000
32 81 22 0 10000
32 80 52 0 10000
32 80 22 0 10000
32 79 52 0 10000
32 46 51 0 10000
32 45 51 0 10000
32 37 49 0 10000
32 27 54 0 10000
33 86 54 0 10000
33 86 24 0 10000
33 84 31 0 10000
33 82 38 0 10000
33 81 45 0 10000
33 81 15 0 10000
33 80 56 0 10000
33 79 22 0 10000
33 46 55 0 10000
33 46 44 0 10000
33 45 55 0 10000
33 36 60 0 10000
33 36 49 0 10000
33 35 60 0 10000
33 27 58 0 10000
33 26 54 0 10000
34 86 58 0 10000
34 85 58 0 10000
34 85 54 0 10000
34 85 24 0 10000
34 84 58 0 10000
34 83 31 0 10000
34 82 31 0 10000
34 81 38 0 10000
34 80 45 0 10000
34 80 15 0 10000
34 79 45 0 10000
34 79 15 0 10000
34 45 44 0 10000
34 37 42 0 10000
34 35 49 0 10000
34 27 47 0 10000
34 26 58 0 10000
35 86 47 0 12500
35 86 17 0 12500
35 84 54 0 12500
35 84 24 0 12500
35 83 58 0 12500
35 80 38 0 12500
35 36 42 0 12500
35 26 47 0 12500
36 86 40 0 10000
36 85 47 0 10000
36 85 17 0 10000
36 83 54 0 10000
36 83 24 0 10000
36 82 58 0 10000
36 81 58 0 10000
36 81 31 0 10000
36 80 31 0 10000
36 79 38 0 10000
36 35 42 0 10000
36 27 40 0 10000
37 85 40 0 10000
37 84 47 0 10000
37 84 17 0 10000
37 83 47 0 10000
37 83 17 0 10000
37 82 54 0 10000
37 82 24 0 10000
37 81 54 0 10000
37 81 24 0 10000
37 80 58 0 10000
37 79 58 0 10000
37 79 31 0 10000
37 46 57 0 10000
37 45 57 0 10000
37 37 55 0 10000
37 27 60 0 10000
37 26 40 0 10000
38 86 33 0 10000
38 85 33 0 10000
38 84 40 0 10000
38 83 40 0 10000
38 82 47 0 10000
38 82 17 0 10000
38 81 47 0 10000
38 81 17 0 10000
38 80 54 0 10000
38 80 24 0 10000
38 79 54 0 10000
38 79 24 0 10000
38 46 53 0 10000
38 45 53 0 10000
38 37 51 0 10000
39 86 26 0 14286
39 85 26 0 14286
39 84 33 0 14286
39 82 40 0 14286
39 80 47 0 14286
39 80 17 0 14286
39 36 51 0 14286
40 86 49 0 10000
40 86 19 0 10000
40 84 26 0 10000
40 83 33 0 10000
40 82 33 0 10000
40 81 40 0 10000
40 80 40 0 10000
40 79 47 0 10000
40 79 17 0 10000
40 46 46 0 10000
40 46 39 0 10000
40 45 46 0 10000
40 37 44 0 10000
40 36 44 0 10000
40 35 51 0 10000
40 27 49 0 10000
40 26 49 0 10000
41 85 49 0 11112
41 85 19 0 11112
41 83 26 0 11112
41 82 26 0 11112
41 81 33 0 11112
41 79 40 0 11112
41 45 39 0 11112
41 35 44 0 11112
41 27 42 0 11112
42 86 42 0 10000
42 86 12 0 10000
42 85 42 0 10000
42 85 12 0 10000
42 84 49 0 10000
42 84 19 0 10000
42 83 49 0 10000
42 83 19 0 10000
42 81 26 0 10000
42 80 33 0 10000
42 80 26 0 10000
42 79 33 0 10000
42 26 42 0 10000
43 86 35 0 16667
43 84 42 0 16667
43 84 12 0 16667
43 82 49 0 16667
43 82 19 0 16667
43 79 26 0 16667
44 85 35 0 10000
44 84 35 0 10000
44 83 42 0 10000
44 83 12 0 10000
44 82 42 0 10000
44 82 12 0 10000
44 81 49 0 10000
44 81 19 0 10000
44 80 49 0 10000
44 80 19 0 10000
44 79 49 0 10000
44 79 19 0 10000
44 46 48 0 10000
44 37 53 0 10000
44 36 53 0 10000
44 27 51 0 10000
45 86 51 0 10000
45 85 28 0 10000
45 83 35 0 10000
45 81 42 0 10000
45 81 12 0 10000
45 46 41 0 10000
45 45 48 0 10000
45 37 46 0 10000
45 35 53 0 10000
45 26 51 0 10000
46 85 51 0 20000
46 82 35 0 20000
46 80 42 0 20000
46 80 12 0 20000
46 36 46 0 20000
47 86 21 0 10000
47 85 21 0 10000
47 84 51 0 10000
47 84 28 0 10000
47 83 28 0 10000
47 81 35 0 10000
47 79 42 0 10000
47 79 12 0 10000
47 45 41 0 10000
47 37 39 0 10000
47 36 39 0 10000
47 35 46 0 10000
47 27 44 0 10000
47 26 44 0 10000
48 86 44 0 14286
48 86 14 0 14286
48 84 21 0 14286
48 83 51 0 14286
48 82 28 0 14286
48 80 35 0 14286
48 35 39 0 14286
49 86 37 0 10000
49 85 44 0 10000
49 85 37 0 10000
49 85 14 0 10000
49 84 44 0 10000
49 84 14 0 10000
49 83 44 0 10000
49 83 21 0 10000
49 83 14 0 10000
49 82 51 0 10000
49 82 21 0 10000
49 81 51 0 10000
49 81 28 0 10000
49 81 21 0 10000
49 80 28 0 10000
49 79 35 0 10000
49 79 28 0 10000
50 84 7 0 10000
50 74 42 0 10000
50 74 12 0 10000
50 68 3 0 10000
50 64 17 0 10000
50 58 8 0 10000
50 52 29 0 10000
50 50 6 0 10000
50 48 13 0 10000
50 42 4 0 10000
50 38 18 0 10000
50 34 2 0 10000
50 28 23 0 10000
50 26 30 0 10000
50 24 37 0 10000
50 24 7 0 10000
50 14 12 0 10000
50 12 19 0 10000
50 8 3 0 10000
50 4 17 0 10000
50 2 24 0 10000
51 83 7 0 10000
51 72 19 0 10000
51 66 10 0 10000
51 60 31 0 10000
51 54 22 0 10000
51 52 59 0 10000
51 48 43 0 10000
51 40 11 0 10000
51 38 48 0 10000
51 36 25 0 10000
51 34 32 0 10000
51 32 9 0 10000
51 30 16 0 10000
51 23 37 0 10000
51 22 14 0 10000
51 16 5 0 10000
51 10 56 0 10000
52 78 58 0 10000
52 76 5 0 10000
52 73 42 0 10000
52 73 12 0 10000
52 70 56 0 10000
52 67 3 0 10000
52 63 17 0 10000
52 62 24 0 10000
52 60 1 0 10000
52 58 38 0 10000
52 57 8 0 10000
52 51 59 0 10000
52 51 29 0 10000
52 49 36 0 10000
52 49 6 0 10000
52 47 13 0 10000
52 41 4 0 10000
52 39 11 0 10000
52 37 18 0 10000
52 33 2 0 10000
52 27 23 0 10000
52 25 60 0 10000
52 25 30 0 10000
52 23 7 0 10000
52 22 44 0 10000
52 13 12 0 10000
52 11 19 0 10000
52 10 26 0 10000
52 9 56 0 10000
52 7 3 0 10000
52 6 10 0 10000
52 3 17 0 10000
52 1 24 0 10000
53 82 7 0 10000
53 77 58 0 10000
53 72 49 0 10000
53 71 19 0 10000
53 70 26 0 10000
53 69 56 0 10000
53 68 56 0 10000
53 59 31 0 10000
53 50 59 0 10000
53 47 43 0 10000
53 46 20 0 10000
53 44 57 0 10000
53 44 27 0 10000
53 43 57 0 10000
53 35 25 0 10000
53 33 32 0 10000
53 32 39 0 10000
53 31 9 0 10000
53 28 53 0 10000
53 24 60 0 10000
53 22 37 0 10000
53 21 14 0 10000
53 18 58 0 10000
53 17 58 0 10000
53 15 5 0 10000
53 12 49 0 10000
53 8 56 0 10000
53 8 33 0 10000
54 76 58 0 10000
54 75 58 0 10000
54 75 5 0 10000
54 72 42 0 10000
54 72 12 0 10000
54 70 19 0 10000
54 68 33 0 10000
54 67 56 0 10000
54 66 3 0 10000
54 65 10 0 10000
54 62 54 0 10000
54 62 17 0 10000
54 61 24 0 10000
54 59 1 0 10000
54 58 31 0 10000
54 57 38 0 10000
54 56 8 0 10000
54 53 22 0 10000
54 52 22 0 10000
54 50 29 0 10000
54 49 59 0 10000
54 48 59 0 10000
54 48 36 0 10000
54 48 6 0 10000
54 46 13 0 10000
54 45 20 0 10000
54 43 27 0 10000
54 42 57 0 10000
54 42 34 0 10000
54 41 57 0 10000
54 40 4 0 10000
54 38 11 0 10000
54 36 18 0 10000
54 34 25 0 10000
54 32 2 0 10000
54 29 16 0 10000
54 28 16 0 10000
54 26 23 0 10000
54 24 30 0 10000
54 23 60 0 10000
54 22 60 0 10000
54 22 7 0 10000
54 21 44 0 10000
54 20 21 0 10000
54 18 28 0 10000
54 16 58 0 10000
54 12 12 0 10000
54 11 49 0 10000
54 10 19 0 10000
54 9 26 0 10000
54 7 56 0 10000
54 6 56 0 10000
54 6 40 0 10000
54 6 3 0 10000
54 5 10 0 10000
54 2 54 0 10000
54 2 17 0 10000
55 81 7 0 10000
55 74 58 0 10000
55 74 5 0 10000
55 71 49 0 10000
55 71 42 0 10000
55 71 12 0 10000
55 69 26 0 10000
55 66 56 0 10000
55 66 40 0 10000
55 65 3 0 10000
55 64 10 0 10000
55 61 17 0 10000
55 58 1 0 10000
55 56 15 0 10000
55 55 8 0 10000
55 49 29 0 10000
55 47 59 0 10000
55 47 36 0 10000
55 47 6 0 10000
55 45 13 0 10000
55 40 57 0 10000
55 39 4 0 10000
55 35 18 0 10000
55 32 32 0 10000
55 31 39 0 10000
55 31 2 0 10000
55 30 9 0 10000
55 25 23 0 10000
55 23 30 0 10000
55 21 60 0 10000
55 21 37 0 10000
55 21 7 0 10000
55 20 14 0 10000
55 15 58 0 10000
55 14 5 0 10000
55 11 12 0 10000
55 9 19 0 10000
55 8 26 0 10000
55 7 33 0 10000
55 5 56 0 10000
55 5 3 0 10000
55 4 10 0 10000
55 1 54 0 10000
55 1 17 0 10000
56 78 28 0 10000
56 76 35 0 10000
56 73 58 0 10000
56 73 5 0 10000
56 72 58 0 10000
56 69 19 0 10000
56 68 26 0 10000
56 67 33 0 10000
56 65 56 0 10000
56 64 56 0 10000
56 64 47 0 10000
56 63 10 0 10000
56 61 54 0 10000
56 60 24 0 10000
56 57 31 0 10000
56 57 1 0 10000
56 56 45 0 10000
56 56 38 0 10000
56 55 15 0 10000
56 54 52 0 10000
56 51 22 0 10000
56 44 20 0 10000
56 42 27 0 10000
56 41 34 0 10000
56 40 41 0 10000
56 39 57 0 10000
56 37 11 0 10000
56 33 25 0 10000
56 31 32 0 10000
56 30 46 0 10000
56 30 39 0 10000
56 29 9 0 10000
56 27 16 0 10000
56 20 60 0 10000
56 20 51 0 10000
56 20 44 0 10000
56 19 60 0 10000
56 19 21 0 10000
56 19 14 0 10000
56 17 28 0 10000
56 16 35 0 10000
56 14 58 0 10000
56 14 42 0 10000
56 13 58 0 10000
56 13 5 0 10000
56 10 49 0 10000
56 6 33 0 10000
56 5 40 0 10000
56 4 56 0 10000
56 3 56 0 10000
57 80 7 0 10000
57 78 60 0 10000
57 78 21 0 10000
57 77 60 0 10000
57 77 28 0 10000
57 75 35 0 10000
57 74 35 0 10000
57 72 5 0 10000
57 71 58 0 10000
57 70 58 0 10000
57 70 49 0 10000
57 70 42 0 10000
57 70 12 0 10000
57 69 58 0 10000
57 69 49 0 10000
57 68 19 0 10000
57 67 26 0 10000
57 65 40 0 10000
57 64 40 0 10000
57 64 3 0 10000
57 63 56 0 10000
57 63 47 0 10000
57 62 56 0 10000
57 62 10 0 10000
57 61 56 0 10000
57 60 54 0 10000
57 60 17 0 10000
57 59 24 0 10000
57 56 31 0 10000
57 56 1 0 10000
57 55 45 0 10000
57 55 38 0 10000
57 54 15 0 10000
57 54 8 0 10000
57 53 52 0 10000
57 50 22 0 10000
57 48 29 0 10000
57 46 36 0 10000
57 46 6 0 10000
57 44 59 0 10000
57 44 50 0 10000
57 44 43 0 10000
57 44 13 0 10000
57 43 59 0 10000
57 43 20 0 10000
57 42 59 0 10000
57 41 27 0 10000
57 39 41 0 10000
57 38 57 0 10000
57 38 4 0 10000
57 36 11 0 10000
57 34 48 0 10000
57 34 18 0 10000
57 32 25 0 10000
57 30 32 0 10000
57 30 2 0 10000
57 29 46 0 10000
57 29 39 0 10000
57 28 9 0 10000
57 26 16 0 10000
57 25 53 0 10000
57 24 23 0 10000
57 22 30 0 10000
57 20 37 0 10000
57 20 7 0 10000
57 19 51 0 10000
57 19 44 0 10000
57 18 60 0 10000
57 18 51 0 10000
57 18 21 0 10000
57 18 14 0 10000
57 17 60 0 10000
57 17 21 0 10000
57 16 28 0 10000
57 15 35 0 10000
57 13 42 0 10000
57 12 58 0 10000
57 12 5 0 10000
57 11 58 0 10000
57 10 58 0 10000
57 10 12 0 10000
57 9 49 0 10000
57 8 19 0 10000
57 7 26 0 10000
57 5 33 0 10000
57 4 47 0 10000
57 4 40 0 10000
57 4 3 0 10000
57 3 47 0 10000
57 3 10 0 10000
57 2 56 0 10000
57 2 10 0 10000
57 1 56 0 10000
58 79 7 0 10000
58 78 51 0 10000
58 78 44 0 10000
58 78 14 0 10000
58 77 51 0 10000
58 77 21 0 10000
58 76 60 0 10000
58 76 28 0 10000
58 75 60 0 10000
58 75 28 0 10000
58 74 60 0 10000
58 73 35 0 10000
58 71 5 0 10000
58 69 42 0 10000
58 69 12 0 10000
58 68 58 0 10000
58 68 49 0 10000
58 67 58 0 10000
58 67 19 0 10000
58 66 58 0 10000
58 66 26 0 10000
58 65 33 0 10000
58 64 33 0 10000
58 63 40 0 10000
58 63 3 0 10000
58 62 47 0 10000
58 61 10 0 10000
58 60 56 0 10000
58 59 56 0 10000
58 59 54 0 10000
58 59 17 0 10000
58 58 56 0 10000
58 58 24 0 10000
58 55 31 0 10000
58 55 1 0 10000
58 54 45 0 10000
58 54 38 0 10000
58 53 38 0 10000
58 53 15 0 10000
58 53 8 0 10000
58 52 52 0 10000
58 49 22 0 10000
58 47 29 0 10000
58 45 36 0 10000
58 45 6 0 10000
58 43 50 0 10000
58 43 43 0 10000
58 43 13 0 10000
58 42 50 0 10000
58 42 20 0 10000
58 41 59 0 10000
58 40 59 0 10000
58 40 27 0 10000
58 39 59 0 10000
58 39 34 0 10000
58 38 41 0 10000
58 37 4 0 10000
58 35 11 0 10000
58 34 57 0 10000
58 34 55 0 10000
58 33 57 0 10000
58 33 55 0 10000
58 33 48 0 10000
58 33 18 0 10000
58 31 25 0 10000
58 29 32 0 10000
58 29 2 0 10000
58 28 46 0 10000
58 28 39 0 10000
58 27 9 0 10000
58 25 16 0 10000
58 24 53 0 10000
58 23 23 0 10000
58 21 30 0 10000
58 19 37 0 10000
58 19 7 0 10000
58 18 44 0 10000
58 17 51 0 10000
58 17 14 0 10000
58 16 60 0 10000
58 16 21 0 10000
58 15 60 0 10000
58 15 28 0 10000
58 14 60 0 10000
58 14 35 0 10000
58 12 42 0 10000
58 11 5 0 10000
58 9 58 0 10000
58 9 12 0 10000
58 8 58 0 10000
58 8 49 0 10000
58 7 58 0 10000
58 7 19 0 10000
58 6 26 0 10000
58 5 26 0 10000
58 4 33 0 10000
58 3 40 0 10000
58 3 3 0 10000
58 2 47 0 10000
58 1 10 0 10000
59 78 7 0 10000
59 77 44 0 10000
59 77 14 0 10000
59 76 21 0 10000
59 73 60 0 10000
59 68 42 0 10000
59 68 12 0 10000
59 66 19 0 10000
59 65 58 0 10000
59 62 3 0 10000
59 61 47 0 10000
59 58 54 0 10000
59 58 17 0 10000
59 57 56 0 10000
59 53 45 0 10000
59 52 8 0 10000
59 51 52 0 10000
59 46 29 0 10000
59 44 36 0 10000
59 44 6 0 10000
59 42 13 0 10000
59 41 20 0 10000
59 39 27 0 10000
59 38 59 0 10000
59 38 34 0 10000
59 36 4 0 10000
59 32 18 0 10000
59 28 2 0 10000
59 23 53 0 10000
59 22 23 0 10000
59 20 30 0 10000
59 18 37 0 10000
59 18 7 0 10000
59 17 44 0 10000
59 14 28 0 10000
59 13 60 0 10000
59 13 35 0 10000
59 11 42 0 10000
59 8 12 0 10000
59 7 49 0 10000
59 6 58 0 10000
59 6 19 0 10000
59 3 33 0 10000
59 2 40 0 10000
59 2 3 0 10000
60 86 9 0 10000
60 78 37 0 10000
60 77 7 0 10000
60 76 51 0 10000
60 76 14 0 10000
60 74 28 0 10000
60 72 60 0 10000
60 72 35 0 10000
60 71 60 0 10000
60 70 5 0 10000
60 67 49 0 10000
60 67 12 0 10000
60 65 26 0 10000
60 64 58 0 10000
60 63 58 0 10000
60 63 33 0 10000
60 62 40 0 10000
60 61 3 0 10000
60 60 10 0 10000
60 57 54 0 10000
60 57 24 0 10000
60 56 56 0 10000
60 55 56 0 10000
60 54 31 0 10000
60 54 1 0 10000
60 52 38 0 10000
60 52 15 0 10000
60 48 22 0 10000
60 42 43 0 10000
60 41 50 0 10000
60 40 20 0 10000
60 32 55 0 10000
60 32 48 0 10000
60 31 57 0 10000
60 30 57 0 10000
60 30 25 0 10000
60 28 32 0 10000
60 26 9 0 10000
60 24 16 0 10000
60 17 37 0 10000
60 16 51 0 10000
60 16 44 0 10000
60 16 14 0 10000
60 15 21 0 10000
60 12 60 0 10000
60 12 35 0 10000
60 11 60 0 10000
60 10 5 0 10000
60 7 12 0 10000
60 6 49 0 10000
60 5 58 0 10000
60 4 58 0 10000
60 4 26 0 10000
60 1 47 0 10000
60 1 40 0 10000
61 85 9 0 10000
61 77 37 0 10000
61 76 44 0 10000
61 75 51 0 10000
61 75 21 0 10000
61 73 28 0 10000
61 71 35 0 10000
61 70 60 0 10000
61 69 5 0 10000
61 67 42 0 10000
61 66 49 0 10000
61 65 19 0 10000
61 64 26 0 10000
61 62 58 0 10000
61 62 33 0 10000
61 61 58 0 10000
61 61 40 0 10000
61 60 47 0 10000
61 59 10 0 10000
61 57 17 0 10000
61 56 54 0 10000
61 56 24 0 10000
61 54 56 0 10000
61 53 56 0 10000
61 53 31 0 10000
61 53 1 0 10000
61 52 45 0 10000
61 51 38 0 10000
61 51 15 0 10000
61 51 8 0 10000
61 50 52 0 10000
61 47 22 0 10000
61 45 29 0 10000
61 43 36 0 10000
61 43 6 0 10000
61 41 43 0 10000
61 41 13 0 10000
61 40 50 0 10000
61 38 27 0 10000
61 37 34 0 10000
61 35 4 0 10000
61 33 11 0 10000
61 31 55 0 10000
61 31 48 0 10000
61 31 18 0 10000
61 29 57 0 10000
61 29 25 0 10000
61 28 57 0 10000
61 27 32 0 10000
61 27 2 0 10000
61 25 46 0 10000
61 25 9 0 10000
61 23 16 0 10000
61 22 53 0 10000
61 21 23 0 10000
61 19 30 0 10000
61 17 7 0 10000
61 15 51 0 10000
61 15 14 0 10000
61 14 21 0 10000
61 13 28 0 10000
61 11 35 0 10000
61 10 60 0 10000
61 10 42 0 10000
61 9 60 0 10000
61 9 5 0 10000
61 5 19 0 10000
61 3 58 0 10000
61 3 26 0 10000
61 2 58 0 10000
61 2 33 0 10000
61 1 3 0 10000
62 86 2 0 10000
62 84 9 0 10000
62 78 55 0 10000
62 78 30 0 10000
62 77 55 0 10000
62 76 37 0 10000
62 76 7 0 10000
62 75 44 0 10000
62 75 14 0 10000
62 74 51 0 10000
62 74 21 0 10000
62 72 28 0 10000
62 70 35 0 10000
62 69 60 0 10000
62 68 60 0 10000
62 67 60 0 10000
62 66 42 0 10000
62 66 12 0 10000
62 65 49 0 10000
62 64 19 0 10000
62 63 26 0 10000
62 61 33 0 10000
62 60 58 0 10000
62 60 40 0 10000
62 60 3 0 10000
62 59 58 0 10000
62 59 47 0 10000
62 58 10 0 10000
62 56 17 0 10000
62 55 54 0 10000
62 55 24 0 10000
62 52 56 0 10000
62 52 31 0 10000
62 52 1 0 10000
62 51 56 0 10000
62 51 45 0 10000
62 50 38 0 10000
62 50 15 0 10000
62 50 8 0 10000
62 49 52 0 10000
62 46 22 0 10000
62 44 29 0 10000
62 42 36 0 10000
62 42 6 0 10000
62 40 43 0 10000
62 40 13 0 10000
62 39 50 0 10000
62 39 20 0 10000
62 37 27 0 10000
62 36 34 0 10000
62 34 59 0 10000
62 34 41 0 10000
62 34 4 0 10000
62 33 59 0 10000
62 32 59 0 10000
62 32 11 0 10000
62 30 55 0 10000
62 30 48 0 10000
62 30 18 0 10000
62 28 25 0 10000
62 26 32 0 10000
62 26 2 0 10000
62 25 39 0 10000
62 24 46 0 10000
62 24 9 0 10000
62 22 16 0 10000
62 21 53 0 10000
62 20 23 0 10000
62 18 30 0 10000
62 16 37 0 10000
62 16 7 0 10000
62 15 44 0 10000
62 14 51 0 10000
62 14 14 0 10000
62 13 21 0 10000
62 12 28 0 10000
62 10 35 0 10000
62 9 42 0 10000
62 8 5 0 10000
62 7 60 0 10000
62 6 12 0 10000
62 5 49 0 10000
62 4 19 0 10000
62 2 26 0 10000
62 1 58 0 10000
62 1 33 0 10000
63 85 2 0 10000
63 77 30 0 10000
63 76 55 0 10000
63 75 55 0 10000
63 75 7 0 10000
63 74 44 0 10000
63 74 14 0 10000
63 73 51 0 10000
63 73 21 0 10000
63 71 28 0 10000
63 69 35 0 10000
63 68 5 0 10000
63 66 60 0 10000
63 65 42 0 10000
63 65 12 0 10000
63 64 49 0 10000
63 63 19 0 10000
63 62 26 0 10000
63 59 40 0 10000
63 59 3 0 10000
63 58 58 0 10000
63 58 47 0 10000
63 55 17 0 10000
63 50 56 0 10000
63 50 45 0 10000
63 49 15 0 10000
63 49 8 0 10000
63 48 52 0 10000
63 41 36 0 10000
63 41 6 0 10000
63 39 13 0 10000
63 38 20 0 10000
63 36 27 0 10000
63 35 34 0 10000
63 33 41 0 10000
63 33 4 0 10000
63 31 59 0 10000
63 29 55 0 10000
63 29 18 0 10000
63 25 57 0 10000
63 24 57 0 10000
63 24 39 0 10000
63 20 53 0 10000
63 17 30 0 10000
63 15 37 0 10000
63 15 7 0 10000
63 14 44 0 10000
63 13 51 0 10000
63 11 28 0 10000
63 9 35 0 10000
63 8 42 0 10000
63 6 60 0 10000
63 5 60 0 10000
63 5 12 0 10000
63 4 49 0 10000
63 3 19 0 10000
64 83 9 0 10000
64 75 37 0 10000
64 74 55 0 10000
64 73 44 0 10000
64 73 14 0 10000
64 72 51 0 10000
64 72 21 0 10000
64 70 28 0 10000
64 68 35 0 10000
64 67 5 0 10000
64 65 60 0 10000
64 64 60 0 10000
64 63 49 0 10000
64 61 26 0 10000
64 60 33 0 10000
64 59 33 0 10000
64 58 40 0 10000
64 57 58 0 10000
64 57 47 0 10000
64 57 10 0 10000
64 56 58 0 10000
64 54 54 0 10000
64 54 24 0 10000
64 51 31 0 10000
64 51 1 0 10000
64 49 45 0 10000
64 49 38 0 10000
64 48 56 0 10000
64 48 15 0 10000
64 47 52 0 10000
64 45 22 0 10000
64 43 29 0 10000
64 39 43 0 10000
64 38 50 0 10000
64 37 20 0 10000
64 35 27 0 10000
64 34 34 0 10000
64 32 41 0 10000
64 31 11 0 10000
64 30 59 0 10000
64 29 48 0 10000
64 28 55 0 10000
64 27 25 0 10000
64 25 32 0 10000
64 25 2 0 10000
64 23 57 0 10000
64 23 46 0 10000
64 23 39 0 10000
64 23 9 0 10000
64 22 57 0 10000
64 21 16 0 10000
64 19 53 0 10000
64 19 23 0 10000
64 13 44 0 10000
64 13 14 0 10000
64 12 51 0 10000
64 12 21 0 10000
64 11 21 0 10000
64 10 28 0 10000
64 8 35 0 10000
64 7 5 0 10000
64 4 60 0 10000
64 3 49 0 10000
64 1 26 0 10000
65 84 2 0 10000
65 78 23 0 10000
65 76 30 0 10000
65 74 37 0 10000
65 74 7 0 10000
65 73 55 0 10000
65 72 55 0 10000
65 64 42 0 10000
65 64 12 0 10000
65 63 60 0 10000
65 62 19 0 10000
65 58 3 0 10000
65 55 58 0 10000
65 54 17 0 10000
65 50 31 0 10000
65 48 8 0 10000
65 40 36 0 10000
65 40 6 0 10000
65 38 13 0 10000
65 32 4 0 10000
65 28 59 0 10000
65 28 18 0 10000
65 26 25 0 10000
65 24 32 0 10000
65 24 2 0 10000
65 22 9 0 10000
65 21 57 0 10000
65 18 23 0 10000
65 16 30 0 10000
65 14 37 0 10000
65 14 7 0 10000
65 12 14 0 10000
65 6 5 0 10000
65 4 12 0 10000
65 3 60 0 10000
65 2 19 0 10000
66 82 9 0 10000
66 72 44 0 10000
66 72 14 0 10000
66 71 55 0 10000
66 71 51 0 10000
66 71 21 0 10000
66 67 35 0 10000
66 66 5 0 10000
66 62 60 0 10000
66 57 40 0 10000
66 56 47 0 10000
66 56 10 0 10000
66 54 58 0 10000
66 53 58 0 10000
66 53 54 0 10000
66 53 24 0 10000
66 50 1 0 10000
66 48 45 0 10000
66 48 38 0 10000
66 44 22 0 10000
66 42 29 0 10000
66 38 43 0 10000
66 36 20 0 10000
66 34 27 0 10000
66 33 34 0 10000
66 31 41 0 10000
66 30 11 0 10000
66 28 48 0 10000
66 22 46 0 10000
66 20 57 0 10000
66 20 16 0 10000
66 18 53 0 10000
66 12 44 0 10000
66 9 28 0 10000
66 6 42 0 10000
66 2 60 0 10000
66 2 49 0 10000
66 1 60 0 10000
67 83 2 0 10000
67 81 9 0 10000
67 78 57 0 10000
67 78 53 0 10000
67 77 23 0 10000
67 75 30 0 10000
67 73 37 0 10000
67 73 7 0 10000
67 70 55 0 10000
67 70 21 0 10000
67 69 28 0 10000
67 66 35 0 10000
67 63 42 0 10000
67 63 12 0 10000
67 62 49 0 10000
67 61 60 0 10000
67 61 19 0 10000
67 60 60 0 10000
67 60 26 0 10000
67 58 33 0 10000
67 57 3 0 10000
67 55 47 0 10000
67 52 58 0 10000
67 52 54 0 10000
67 52 24 0 10000
67 49 31 0 10000
67 47 15 0 10000
67 47 8 0 10000
67 44 56 0 10000
67 41 29 0 10000
67 39 36 0 10000
67 39 6 0 10000
67 37 13 0 10000
67 32 34 0 10000
67 31 4 0 10000
67 27 18 0 10000
67 25 59 0 10000
67 25 25 0 10000
67 23 32 0 10000
67 23 2 0 10000
67 22 39 0 10000
67 21 46 0 10000
67 21 9 0 10000
67 19 57 0 10000
67 18 57 0 10000
67 17 23 0 10000
67 15 30 0 10000
67 13 37 0 10000
67 13 7 0 10000
67 11 51 0 10000
67 11 14 0 10000
67 10 21 0 10000
67 8 28 0 10000
67 5 42 0 10000
67 5 5 0 10000
67 3 12 0 10000
67 1 19 0 10000
68 82 2 0 10000
68 80 9 0 10000
68 78 16 0 10000
68 77 57 0 10000
68 77 53 0 10000
68 76 57 0 10000
68 76 23 0 10000
68 74 30 0 10000
68 72 37 0 10000
68 72 7 0 10000
68 71 44 0 10000
68 71 14 0 10000
68 70 51 0 10000
68 69 55 0 10000
68 68 55 0 10000
68 68 28 0 10000
68 67 55 0 10000
68 65 5 0 10000
68 64 5 0 10000
68 62 42 0 10000
68 62 12 0 10000
68 61 49 0 10000
68 60 19 0 10000
68 59 60 0 10000
68 59 26 0 10000
68 58 60 0 10000
68 57 33 0 10000
68 56 40 0 10000
68 56 3 0 10000
68 55 10 0 10000
68 54 10 0 10000
68 52 17 0 10000
68 51 58 0 10000
68 51 24 0 10000
68 50 58 0 10000
68 49 58 0 10000
68 49 1 0 10000
68 48 31 0 10000
68 48 1 0 10000
68 47 45 0 10000
68 47 38 0 10000
68 46 15 0 10000
68 46 8 0 10000
68 43 56 0 10000
68 43 22 0 10000
68 42 56 0 10000
68 42 22 0 10000
68 41 56 0 10000
68 40 29 0 10000
68 38 36 0 10000
68 38 6 0 10000
68 36 13 0 10000
68 35 20 0 10000
68 33 27 0 10000
68 30 41 0 10000
68 30 4 0 10000
68 29 11 0 10000
68 28 11 0 10000
68 26 18 0 10000
68 24 59 0 10000
68 24 25 0 10000
68 23 59 0 10000
68 22 32 0 10000
68 22 2 0 10000
68 21 39 0 10000
68 20 9 0 10000
68 19 16 0 10000
68 18 16 0 10000
68 17 57 0 10000
68 17 53 0 10000
68 16 57 0 10000
68 16 23 0 10000
68 14 30 0 10000
68 12 37 0 10000
68 12 7 0 10000
68 11 44 0 10000
68 10 51 0 10000
68 10 14 0 10000
68 9 21 0 10000
68 6 35 0 10000
68 4 5 0 10000
68 2 12 0 10000
68 1 49 0 10000
69 76 53 0 10000
69 75 57 0 10000
69 74 57 0 10000
69 71 7 0 10000
69 70 44 0 10000
69 70 14 0 10000
69 69 51 0 10000
69 69 21 0 10000
69 67 28 0 10000
69 66 55 0 10000
69 65 55 0 10000
69 65 35 0 10000
69 64 35 0 10000
69 61 42 0 10000
69 61 12 0 10000
69 60 49 0 10000
69 59 19 0 10000
69 58 26 0 10000
69 57 60 0 10000
69 56 60 0 10000
69 56 33 0 10000
69 55 40 0 10000
69 55 3 0 10000
69 53 47 0 10000
69 51 54 0 10000
69 50 54 0 10000
69 48 58 0 10000
69 47 58 0 10000
69 46 38 0 10000
69 45 15 0 10000
69 45 8 0 10000
69 44 52 0 10000
69 43 52 0 10000
69 40 56 0 10000
69 39 56 0 10000
69 35 13 0 10000
69 34 50 0 10000
69 34 20 0 10000
69 32 27 0 10000
69 31 34 0 10000
69 29 41 0 10000
69 29 4 0 10000
69 25 55 0 10000
69 22 59 0 10000
69 21 59 0 10000
69 21 32 0 10000
69 20 46 0 10000
69 20 39 0 10000
69 19 46 0 10000
69 19 9 0 10000
69 16 53 0 10000
69 15 57 0 10000
69 14 57 0 10000
69 11 37 0 10000
69 10 44 0 10000
69 9 51 0 10000
69 9 14 0 10000
69 8 21 0 10000
69 7 28 0 10000
69 5 35 0 10000
69 4 42 0 10000
69 3 42 0 10000
69 1 12 0 10000
70 81 2 0 10000
70 80 2 0 10000
70 79 9 0 10000
70 78 46 0 10000
70 78 9 0 10000
70 77 16 0 10000
70 75 53 0 10000
70 75 23 0 10000
70 74 23 0 10000
70 73 57 0 10000
70 73 30 0 10000
70 72 57 0 10000
70 72 30 0 10000
70 71 57 0 10000
70 71 37 0 10000
70 70 37 0 10000
70 70 7 0 10000
70 69 14 0 10000
70 68 51 0 10000
70 68 21 0 10000
70 67 51 0 10000
70 67 21 0 10000
70 66 28 0 10000
70 64 55 0 10000
70 63 55 0 10000
70 63 35 0 10000
70 63 5 0 10000
70 60 42 0 10000
70 60 12 0 10000
70 59 49 0 10000
70 58 19 0 10000
70 57 26 0 10000
70 55 60 0 10000
70 55 33 0 10000
70 54 60 0 10000
70 54 40 0 10000
70 54 3 0 10000
70 53 60 0 10000
70 53 10 0 10000
70 52 47 0 10000
70 51 17 0 10000
70 50 24 0 10000
70 49 54 0 10000
70 47 31 0 10000
70 47 1 0 10000
70 46 31 0 10000
70 45 38 0 10000
70 44 15 0 10000
70 44 8 0 10000
70 42 52 0 10000
70 41 22 0 10000
70 39 29 0 10000
70 38 56 0 10000
70 37 36 0 10000
70 37 6 0 10000
70 36 36 0 10000
70 34 43 0 10000
70 33 50 0 10000
70 33 20 0 10000
70 31 27 0 10000
70 30 34 0 10000
70 30 27 0 10000
70 29 34 0 10000
70 28 4 0 10000
70 27 11 0 10000
70 25 48 0 10000
70 25 18 0 10000
70 24 55 0 10000
70 24 18 0 10000
70 23 25 0 10000
70 22 25 0 10000
70 21 2 0 10000
70 20 59 0 10000
70 20 32 0 10000
70 19 59 0 10000
70 19 39 0 10000
70 18 59 0 10000
70 18 9 0 10000
70 17 16 0 10000
70 15 53 0 10000
70 15 23 0 10000
70 13 57 0 10000
70 13 30 0 10000
70 12 57 0 10000
70 12 30 0 10000
70 11 57 0 10000
70 11 7 0 10000
70 10 37 0 10000
70 10 7 0 10000
70 9 44 0 10000
70 8 51 0 10000
70 8 14 0 10000
70 7 21 0 10000
70 6 28 0 10000
70 5 28 0 10000
70 4 35 0 10000
70 3 5 0 10000
70 2 42 0 10000
70 2 5 0 10000
71 79 2 0 10000
71 78 59 0 10000
71 78 39 0 10000
71 77 59 0 10000
71 77 9 0 10000
71 76 59 0 10000
71 76 16 0 10000
71 74 53 0 10000
71 73 23 0 10000
71 71 30 0 10000
71 70 57 0 10000
71 69 57 0 10000
71 69 37 0 10000
71 69 7 0 10000
71 68 44 0 10000
71 68 14 0 10000
71 66 21 0 10000
71 65 28 0 10000
71 62 55 0 10000
71 62 5 0 10000
71 61 55 0 10000
71 60 55 0 10000
71 59 42 0 10000
71 59 12 0 10000
71 58 49 0 10000
71 57 19 0 10000
71 56 26 0 10000
71 54 33 0 10000
71 53 40 0 10000
71 53 3 0 10000
71 52 60 0 10000
71 52 10 0 10000
71 51 60 0 10000
71 51 47 0 10000
71 50 17 0 10000
71 49 24 0 10000
71 48 54 0 10000
71 46 1 0 10000
71 45 31 0 10000
71 44 58 0 10000
71 44 45 0 10000
71 44 38 0 10000
71 43 58 0 10000
71 43 15 0 10000
71 43 8 0 10000
71 42 58 0 10000
71 41 52 0 10000
71 40 22 0 10000
71 38 29 0 10000
71 36 6 0 10000
71 35 36 0 10000
71 34 56 0 10000
71 33 43 0 10000
71 33 13 0 10000
71 32 50 0 10000
71 32 20 0 10000
71 28 34 0 10000
71 27 4 0 10000
71 26 11 0 10000
71 24 48 0 10000
71 23 55 0 10000
71 23 18 0 10000
71 21 25 0 10000
71 20 2 0 10000
71 19 32 0 10000
71 18 39 0 10000
71 17 59 0 10000
71 17 46 0 10000
71 17 9 0 10000
71 16 59 0 10000
71 16 16 0 10000
71 14 53 0 10000
71 14 23 0 10000
71 11 30 0 10000
71 10 57 0 10000
71 9 57 0 10000
71 9 37 0 10000
71 9 7 0 10000
71 8 44 0 10000
71 7 51 0 10000
71 7 14 0 10000
71 6 21 0 10000
71 4 28 0 10000
71 3 35 0 10000
71 1 42 0 10000
71 1 5 0 10000
72 86 4 0 10000
72 77 46 0 10000
72 77 39 0 10000
72 76 46 0 10000
72 76 9 0 10000
72 75 59 0 10000
72 75 16 0 10000
72 74 59 0 10000
72 73 53 0 10000
72 68 57 0 10000
72 68 37 0 10000
72 68 7 0 10000
72 67 57 0 10000
72 67 44 0 10000
72 67 14 0 10000
72 66 57 0 10000
72 66 51 0 10000
72 65 51 0 10000
72 65 21 0 10000
72 64 28 0 10000
72 63 28 0 10000
72 62 35 0 10000
72 61 35 0 10000
72 61 5 0 10000
72 59 55 0 10000
72 58 55 0 10000
72 58 42 0 10000
72 58 12 0 10000
72 57 49 0 10000
72 56 19 0 10000
72 55 26 0 10000
72 53 33 0 10000
72 52 40 0 10000
72 52 3 0 10000
72 51 40 0 10000
72 51 10 0 10000
72 50 60 0 10000
72 50 47 0 10000
72 49 60 0 10000
72 49 47 0 10000
72 49 17 0 10000
72 48 60 0 10000
72 48 24 0 10000
72 47 54 0 10000
72 45 1 0 10000
72 43 45 0 10000
72 43 38 0 10000
72 42 45 0 10000
72 42 15 0 10000
72 42 8 0 10000
72 41 58 0 10000
72 40 58 0 10000
72 39 52 0 10000
72 37 29 0 10000
72 35 6 0 10000
72 33 56 0 10000
72 32 56 0 10000
72 32 13 0 10000
72 31 50 0 10000
72 31 20 0 10000
72 29 27 0 10000
72 28 27 0 10000
72 27 34 0 10000
72 26 4 0 10000
72 25 41 0 10000
72 25 11 0 10000
72 23 48 0 10000
72 22 55 0 10000
72 21 55 0 10000
72 19 2 0 10000
72 18 32 0 10000
72 17 39 0 10000
72 16 46 0 10000
72 16 9 0 10000
72 15 59 0 10000
72 15 16 0 10000
72 14 59 0 10000
72 13 53 0 10000
72 13 23 0 10000
72 8 57 0 10000
72 8 37 0 10000
72 7 57 0 10000
72 7 44 0 10000
72 6 57 0 10000
72 6 51 0 10000
72 6 14 0 10000
72 5 51 0 10000
72 3 28 0 10000
72 2 35 0 10000
72 1 35 0 10000
73 85 4 0 10000
73 78 32 0 10000
73 78 2 0 10000
73 76 39 0 10000
73 75 46 0 10000
73 75 9 0 10000
73 74 16 0 10000
73 73 59 0 10000
73 72 59 0 10000
73 72 53 0 10000
73 72 23 0 10000
73 70 30 0 10000
73 67 37 0 10000
73 67 7 0 10000
73 66 44 0 10000
73 66 14 0 10000
73 65 57 0 10000
73 64 57 0 10000
73 64 51 0 10000
73 64 21 0 10000
73 62 28 0 10000
73 60 35 0 10000
73 60 5 0 10000
73 57 55 0 10000
73 57 42 0 10000
73 57 12 0 10000
73 56 55 0 10000
73 56 49 0 10000
73 55 55 0 10000
73 55 19 0 10000
73 54 26 0 10000
73 52 33 0 10000
73 51 3 0 10000
73 50 40 0 10000
73 50 10 0 10000
73 48 47 0 10000
73 48 17 0 10000
73 47 60 0 10000
73 47 24 0 10000
73 44 31 0 10000
73 44 1 0 10000
73 42 38 0 10000
73 41 45 0 10000
73 41 15 0 10000
73 41 8 0 10000
73 39 58 0 10000
73 38 58 0 10000
73 38 52 0 10000
73 38 22 0 10000
73 36 29 0 10000
73 34 36 0 10000
73 34 6 0 10000
73 32 43 0 10000
73 31 56 0 10000
73 31 13 0 10000
73 30 56 0 10000
73 30 50 0 10000
73 30 20 0 10000
73 29 56 0 10000
73 27 27 0 10000
73 26 34 0 10000
73 24 41 0 10000
73 24 11 0 10000
73 22 48 0 10000
73 22 18 0 10000
73 20 55 0 10000
73 20 25 0 10000
73 18 2 0 10000
73 17 32 0 10000
73 16 39 0 10000
73 15 46 0 10000
73 15 9 0 10000
73 14 16 0 10000
73 13 59 0 10000
73 12 59 0 10000
73 12 53 0 10000
73 12 23 0 10000
73 11 59 0 10000
73 10 30 0 10000
73 8 7 0 10000
73 6 44 0 10000
73 5 57 0 10000
73 5 14 0 10000
73 4 57 0 10000
73 4 51 0 10000
73 4 21 0 10000
73 2 28 0 10000
74 77 32 0 10000
74 77 2 0 10000
74 75 39 0 10000
74 74 46 0 10000
74 73 16 0 10000
74 71 59 0 10000
74 71 53 0 10000
74 71 23 0 10000
74 70 59 0 10000
74 69 30 0 10000
74 65 44 0 10000
74 65 14 0 10000
74 63 57 0 10000
74 63 51 0 10000
74 63 21 0 10000
74 62 57 0 10000
74 59 35 0 10000
74 55 49 0 10000
74 54 55 0 10000
74 54 19 0 10000
74 53 26 0 10000
74 51 33 0 10000
74 49 10 0 10000
74 47 17 0 10000
74 46 24 0 10000
74 44 60 0 10000
74 43 31 0 10000
74 43 1 0 10000
74 41 38 0 10000
74 40 15 0 10000
74 37 22 0 10000
74 35 29 0 10000
74 33 36 0 10000
74 31 43 0 10000
74 29 50 0 10000
74 29 20 0 10000
74 28 56 0 10000
74 25 34 0 10000
74 25 4 0 10000
74 23 41 0 10000
74 23 11 0 10000
74 21 48 0 10000
74 21 18 0 10000
74 19 25 0 10000
74 17 2 0 10000
74 15 39 0 10000
74 14 46 0 10000
74 13 16 0 10000
74 11 53 0 10000
74 11 23 0 10000
74 10 59 0 10000
74 9 59 0 10000
74 9 30 0 10000
74 7 7 0 10000
74 5 44 0 10000
74 3 57 0 10000
74 3 21 0 10000
74 2 57 0 10000
74 1 28 0 10000
75 84 4 0 10000
75 78 25 0 10000
75 76 2 0 10000
75 70 23 0 10000
75 69 59 0 10000
75 68 30 0 10000
75 66 37 0 10000
75 66 7 0 10000
75 64 44 0 10000
75 64 14 0 10000
75 61 57 0 10000
75 61 28 0 10000
75 59 5 0 10000
75 58 35 0 10000
75 56 42 0 10000
75 56 12 0 10000
75 53 55 0 10000
75 50 3 0 10000
75 49 40 0 10000
75 47 47 0 10000
75 43 60 0 10000
75 42 31 0 10000
75 40 45 0 10000
75 40 38 0 10000
75 40 8 0 10000
75 34 58 0 10000
75 30 43 0 10000
75 30 13 0 10000
75 28 20 0 10000
75 26 27 0 10000
75 24 4 0 10000
75 20 48 0 10000
75 20 18 0 10000
75 19 55 0 10000
75 18 25 0 10000
75 16 32 0 10000
75 14 9 0 10000
75 6 37 0 10000
75 6 7 0 10000
75 4 44 0 10000
75 4 14 0 10000
75 3 51 0 10000
75 1 57 0 10000
76 76 32 0 10000
76 74 39 0 10000
76 73 46 0 10000
76 72 16 0 10000
76 70 53 0 10000
76 68 59 0 10000
76 62 51 0 10000
76 62 21 0 10000
76 60 57 0 10000
76 60 28 0 10000
76 59 57 0 10000
76 54 49 0 10000
76 53 19 0 10000
76 52 55 0 10000
76 52 26 0 10000
76 51 55 0 10000
76 50 33 0 10000
76 48 40 0 10000
76 48 10 0 10000
76 46 17 0 10000
76 45 24 0 10000
76 44 54 0 10000
76 42 60 0 10000
76 42 1 0 10000
76 39 45 0 10000
76 39 15 0 10000
76 36 22 0 10000
76 34 29 0 10000
76 33 58 0 10000
76 32 36 0 10000
76 32 6 0 10000
76 28 50 0 10000
76 25 56 0 10000
76 25 27 0 10000
76 24 34 0 10000
76 22 41 0 10000
76 22 11 0 10000
76 18 55 0 10000
76 16 2 0 10000
76 14 39 0 10000
76 13 46 0 10000
76 12 16 0 10000
76 10 53 0 10000
76 10 23 0 10000
76 8 30 0 10000
76 7 59 0 10000
76 2 51 0 10000
76 2 21 0 10000
77 83 4 0 10000
77 77 25 0 10000
77 75 32 0 10000
77 75 2 0 10000
77 73 39 0 10000
77 73 9 0 10000
77 72 46 0 10000
77 71 16 0 10000
77 69 53 0 10000
77 67 59 0 10000
77 67 30 0 10000
77 66 59 0 10000
77 65 37 0 10000
77 65 7 0 10000
77 63 44 0 10000
77 63 14 0 10000
77 61 51 0 10000
77 61 21 0 10000
77 58 57 0 10000
77 58 5 0 10000
77 57 57 0 10000
77 57 35 0 10000
77 55 42 0 10000
77 55 12 0 10000
77 53 49 0 10000
77 51 26 0 10000
77 50 55 0 10000
77 49 33 0 10000
77 49 3 0 10000
77 45 17 0 10000
77 44 24 0 10000
77 43 54 0 10000
77 41 60 0 10000
77 41 31 0 10000
77 40 60 0 10000
77 39 38 0 10000
77 39 8 0 10000
77 38 15 0 10000
77 33 29 0 10000
77 31 58 0 10000
77 31 36 0 10000
77 31 6 0 10000
77 29 43 0 10000
77 29 13 0 10000
77 27 20 0 10000
77 23 56 0 10000
77 23 34 0 10000
77 23 4 0 10000
77 21 41 0 10000
77 19 48 0 10000
77 19 18 0 10000
77 17 25 0 10000
77 15 32 0 10000
77 15 2 0 10000
77 13 39 0 10000
77 13 9 0 10000
77 12 46 0 10000
77 9 53 0 10000
77 9 23 0 10000
77 7 30 0 10000
77 6 59 0 10000
77 5 59 0 10000
77 5 37 0 10000
77 5 7 0 10000
77 3 44 0 10000
77 3 14 0 10000
77 1 21 0 10000
78 78 18 0 10000
78 72 9 0 10000
78 65 59 0 10000
78 59 28 0 10000
78 57 5 0 10000
78 56 57 0 10000
78 56 35 0 10000
78 52 19 0 10000
78 48 55 0 10000
78 47 40 0 10000
78 47 10 0 10000
78 41 1 0 10000
78 39 60 0 10000
78 38 45 0 10000
78 35 22 0 10000
78 30 58 0 10000
78 24 27 0 10000
78 22 56 0 10000
78 21 11 0 10000
78 17 55 0 10000
78 14 32 0 10000
78 12 9 0 10000
78 11 16 0 10000
78 4 59 0 10000
78 4 37 0 10000
78 2 14 0 10000
78 1 51 0 10000
79 82 4 0 10000
79 78 48 0 10000
79 76 25 0 10000
79 74 32 0 10000
79 74 2 0 10000
79 72 39 0 10000
79 71 46 0 10000
79 70 16 0 10000
79 68 53 0 10000
79 68 23 0 10000
79 66 30 0 10000
79 64 59 0 10000
79 64 37 0 10000
79 64 7 0 10000
79 63 59 0 10000
79 62 44 0 10000
79 62 14 0 10000
79 60 51 0 10000
79 60 21 0 10000
79 58 28 0 10000
79 55 57 0 10000
79 54 42 0 10000
79 54 12 0 10000
79 52 49 0 10000
79 50 26 0 10000
79 48 33 0 10000
79 48 3 0 10000
79 44 17 0 10000
79 43 24 0 10000
79 42 54 0 10000
79 40 31 0 10000
79 38 60 0 10000
79 38 38 0 10000
79 38 8 0 10000
79 37 15 0 10000
79 34 52 0 10000
79 32 29 0 10000
79 30 36 0 10000
79 30 6 0 10000
79 29 58 0 10000
79 28 43 0 10000
79 28 13 0 10000
79 26 20 0 10000
79 22 34 0 10000
79 22 4 0 10000
79 21 56 0 10000
79 20 41 0 10000
79 18 48 0 10000
79 18 18 0 10000
79 16 55 0 10000
79 16 25 0 10000
79 14 2 0 10000
79 12 39 0 10000
79 11 46 0 10000
79 8 53 0 10000
79 8 23 0 10000
79 6 30 0 10000
79 4 7 0 10000
79 3 59 0 10000
79 2 44 0 10000
80 81 4 0 10000
80 77 18 0 10000
80 75 25 0 10000
80 71 9 0 10000
80 70 46 0 10000
80 63 37 0 10000
80 63 7 0 10000
80 61 44 0 10000
80 61 14 0 10000
80 56 5 0 10000
80 55 35 0 10000
80 51 19 0 10000
80 47 3 0 10000
80 46 10 0 10000
80 40 1 0 10000
80 39 31 0 10000
80 37 38 0 10000
80 37 8 0 10000
80 27 13 0 10000
80 25 20 0 10000
80 23 27 0 10000
80 20 11 0 10000
80 13 32 0 10000
80 11 9 0 10000
80 10 46 0 10000
80 10 16 0 10000
80 3 37 0 10000
80 1 14 0 10000
81 77 48 0 10000
81 73 32 0 10000
81 73 2 0 10000
81 69 16 0 10000
81 67 53 0 10000
81 67 23 0 10000
81 65 30 0 10000
81 59 51 0 10000
81 59 21 0 10000
81 57 28 0 10000
81 53 42 0 10000
81 53 12 0 10000
81 51 49 0 10000
81 50 19 0 10000
81 49 26 0 10000
81 47 33 0 10000
81 43 47 0 10000
81 43 17 0 10000
81 42 24 0 10000
81 41 54 0 10000
81 39 1 0 10000
81 36 15 0 10000
81 33 52 0 10000
81 33 22 0 10000
81 31 29 0 10000
81 29 36 0 10000
81 29 6 0 10000
81 25 50 0 10000
81 22 27 0 10000
81 21 34 0 10000
81 21 4 0 10000
81 19 41 0 10000
81 19 11 0 10000
81 17 48 0 10000
81 17 18 0 10000
81 15 55 0 10000
81 15 25 0 10000
81 13 2 0 10000
81 11 39 0 10000
81 7 53 0 10000
81 7 23 0 10000
81 5 30 0 10000
81 3 7 0 10000
81 1 44 0 10000
82 80 4 0 10000
82 78 11 0 10000
82 76 48 0 10000
82 76 18 0 10000
82 74 25 0 10000
82 72 32 0 10000
82 70 9 0 10000
82 69 46 0 10000
82 66 53 0 10000
82 66 23 0 10000
82 64 30 0 10000
82 62 37 0 10000
82 62 7 0 10000
82 60 44 0 10000
82 60 14 0 10000
82 58 51 0 10000
82 58 21 0 10000
82 55 5 0 10000
82 54 35 0 10000
82 52 42 0 10000
82 52 12 0 10000
82 50 49 0 10000
82 46 33 0 10000
82 46 3 0 10000
82 45 10 0 10000
82 40 54 0 10000
82 38 31 0 10000
82 36 38 0 10000
82 36 8 0 10000
82 35 15 0 10000
82 32 52 0 10000
82 26 13 0 10000
82 24 50 0 10000
82 24 20 0 10000
82 20 34 0 10000
82 20 4 0 10000
82 18 41 0 10000
82 16 48 0 10000
82 16 18 0 10000
82 14 25 0 10000
82 12 32 0 10000
82 10 39 0 10000
82 10 9 0 10000
82 9 46 0 10000
82 6 53 0 10000
82 2 37 0 10000
83 78 41 0 10000
83 72 2 0 10000
83 70 39 0 10000
83 68 16 0 10000
83 56 28 0 10000
83 53 35 0 10000
83 49 19 0 10000
83 48 26 0 10000
83 44 40 0 10000
83 44 10 0 10000
83 42 17 0 10000
83 41 24 0 10000
83 38 1 0 10000
83 32 22 0 10000
83 30 29 0 10000
83 28 36 0 10000
83 28 6 0 10000
83 21 27 0 10000
83 18 11 0 10000
83 14 55 0 10000
83 12 2 0 10000
83 8 16 0 10000
83 6 23 0 10000
83 4 30 0 10000
83 2 7 0 10000
84 79 4 0 10000
84 77 41 0 10000
84 77 11 0 10000
84 75 48 0 10000
84 75 18 0 10000
84 73 25 0 10000
84 71 32 0 10000
84 71 2 0 10000
84 69 39 0 10000
84 69 9 0 10000
84 68 46 0 10000
84 65 53 0 10000
84 65 23 0 10000
84 63 30 0 10000
84 61 37 0 10000
84 61 7 0 10000
84 59 44 0 10000
84 59 14 0 10000
84 57 51 0 10000
84 57 21 0 10000
84 55 28 0 10000
84 54 5 0 10000
84 51 42 0 10000
84 51 12 0 10000
84 49 49 0 10000
84 47 26 0 10000
84 45 33 0 10000
84 45 3 0 10000
84 43 40 0 10000
84 41 47 0 10000
84 41 17 0 10000
84 39 54 0 10000
84 37 31 0 10000
84 35 38 0 10000
84 35 8 0 10000
84 31 52 0 10000
84 27 36 0 10000
84 27 6 0 10000
84 25 43 0 10000
84 25 13 0 10000
84 23 50 0 10000
84 23 20 0 10000
84 19 34 0 10000
84 19 4 0 10000
84 17 41 0 10000
84 15 48 0 10000
84 15 18 0 10000
84 13 55 0 10000
84 13 25 0 10000
84 11 32 0 10000
84 9 39 0 10000
84 9 9 0 10000
84 8 46 0 10000
84 5 53 0 10000
84 3 30 0 10000
84 1 37 0 10000
84 1 7 0 10000
85 78 4 0 10000
85 68 9 0 10000
85 67 46 0 10000
85 67 16 0 10000
85 58 44 0 10000
85 58 14 0 10000
85 56 51 0 10000
85 53 5 0 10000
85 52 35 0 10000
85 48 19 0 10000
85 43 10 0 10000
85 40 47 0 10000
85 40 24 0 10000
85 37 1 0 10000
85 34 45 0 10000
85 33 15 0 10000
85 31 22 0 10000
85 30 52 0 10000
85 29 29 0 10000
85 24 13 0 10000
85 22 50 0 10000
85 22 20 0 10000
85 20 27 0 10000
85 17 11 0 10000
85 16 41 0 10000
85 10 32 0 10000
85 8 9 0 10000
85 7 16 0 10000
85 5 23 0 10000
86 86 6 0 10000
86 78 34 0 10000
86 76 41 0 10000
86 76 11 0 10000
86 74 48 0 10000
86 72 25 0 10000
86 70 32 0 10000
86 70 2 0 10000
86 68 39 0 10000
86 66 16 0 10000
86 64 53 0 10000
86 64 23 0 10000
86 62 30 0 10000
86 60 37 0 10000
86 60 7 0 10000
86 56 21 0 10000
86 54 28 0 10000
86 51 35 0 10000
86 50 42 0 10000
86 50 12 0 10000
86 48 49 0 10000
86 46 26 0 10000
86 44 33 0 10000
86 44 3 0 10000
86 42 40 0 10000
86 40 17 0 10000
86 39 24 0 10000
86 38 54 0 10000
86 36 31 0 10000
86 34 38 0 10000
86 34 8 0 10000
86 33 45 0 10000
86 28 29 0 10000
86 26 36 0 10000
86 26 6 0 10000
86 24 43 0 10000
86 19 27 0 10000
86 18 34 0 10000
86 18 4 0 10000
86 14 48 0 10000
86 14 18 0 10000
86 12 55 0 10000
86 12 25 0 10000
86 10 2 0 10000
86 8 39 0 10000
86 4 53 0 10000
86 4 23 0 10000
86 2 30 0 10000
87 77 34 0 10000
87 77 4 0 10000
87 75 41 0 10000
87 73 48 0 10000
87 73 18 0 10000
87 71 25 0 10000
87 69 32 0 10000
87 67 39 0 10000
87 67 9 0 10000
87 63 53 0 10000
87 59 37 0 10000
87 59 7 0 10000
87 57 44 0 10000
87 57 14 0 10000
87 55 51 0 10000
87 55 21 0 10000
87 53 28 0 10000
87 52 5 0 10000
87 47 49 0 10000
87 47 19 0 10000
87 43 33 0 10000
87 43 3 0 10000
87 42 10 0 10000
87 41 40 0 10000
87 39 47 0 10000
87 36 1 0 10000
87 35 31 0 10000
87 33 38 0 10000
87 33 8 0 10000
87 32 15 0 10000
87 30 22 0 10000
87 29 52 0 10000
87 23 43 0 10000
87 23 13 0 10000
87 21 50 0 10000
87 21 20 0 10000
87 17 34 0 10000
87 16 11 0 10000
87 15 41 0 10000
87 11 55 0 10000
87 9 32 0 10000
87 7 9 0 10000
87 6 46 0 10000
87 6 16 0 10000
87 3 53 0 10000
88 85 6 0 10000
88 78 27 0 10000
88 76 34 0 10000
88 76 4 0 10000
88 75 11 0 10000
88 74 41 0 10000
88 74 11 0 10000
88 72 48 0 10000
88 72 18 0 10000
88 70 25 0 10000
88 69 2 0 10000
88 68 32 0 10000
88 66 39 0 10000
88 66 9 0 10000
88 65 46 0 10000
88 65 16 0 10000
88 63 23 0 10000
88 62 53 0 10000
88 61 30 0 10000
88 60 30 0 10000
88 58 37 0 10000
88 58 7 0 10000
88 56 44 0 10000
88 56 14 0 10000
88 54 51 0 10000
88 54 21 0 10000
88 52 28 0 10000
88 51 5 0 10000
88 50 35 0 10000
88 49 42 0 10000
88 49 35 0 10000
88 49 12 0 10000
88 48 42 0 10000
88 48 12 0 10000
88 46 19 0 10000
88 45 26 0 10000
88 42 33 0 10000
88 42 3 0 10000
88 41 10 0 10000
88 40 40 0 10000
88 39 17 0 10000
88 38 47 0 10000
88 38 24 0 10000
88 35 1 0 10000
88 34 31 0 10000
88 32 45 0 10000
88 32 38 0 10000
88 32 8 0 10000
88 31 15 0 10000
88 29 22 0 10000
88 28 52 0 10000
88 27 29 0 10000
88 25 36 0 10000
88 25 6 0 10000
88 22 43 0 10000
88 22 13 0 10000
88 20 50 0 10000
88 20 20 0 10000
88 18 27 0 10000
88 17 4 0 10000
88 16 34 0 10000
88 16 4 0 10000
88 15 11 0 10000
88 14 41 0 10000
88 13 48 0 10000
88 13 18 0 10000
88 12 48 0 10000
88 12 18 0 10000
88 11 25 0 10000
88 10 55 0 10000
88 10 25 0 10000
88 9 2 0 10000
88 8 32 0 10000
88 6 39 0 10000
88 6 9 0 10000
88 5 46 0 10000
88 5 16 0 10000
88 3 23 0 10000
88 2 53 0 10000
88 1 30 0 10000
89 84 6 0 10000
89 71 18 0 10000
89 68 2 0 10000
89 65 9 0 10000
89 64 46 0 10000
89 64 16 0 10000
89 62 23 0 10000
89 55 44 0 10000
89 55 14 0 10000
89 53 51 0 10000
89 38 17 0 10000
89 37 24 0 10000
89 34 1 0 10000
89 31 45 0 10000
89 30 15 0 10000
89 28 22 0 10000
89 26 29 0 10000
89 24 36 0 10000
89 24 6 0 10000
89 19 50 0 10000
89 19 20 0 10000
89 17 27 0 10000
89 14 11 0 10000
89 13 41 0 10000
89 8 2 0 10000
89 7 32 0 10000
89 5 9 0 10000
89 4 46 0 10000
89 4 16 0 10000
89 2 23 0 10000
90 83 6 0 10000
90 77 27 0 10000
90 75 34 0 10000
90 75 4 0 10000
90 73 41 0 10000
90 73 11 0 10000
90 71 48 0 10000
90 69 25 0 10000
90 67 32 0 10000
90 67 2 0 10000
90 65 39 0 10000
90 61 53 0 10000
90 61 23 0 10000
90 59 30 0 10000
90 57 37 0 10000
90 57 7 0 10000
90 53 21 0 10000
90 51 28 0 10000
90 50 5 0 10000
90 48 35 0 10000
90 47 42 0 10000
90 47 12 0 10000
90 43 26 0 10000
90 41 33 0 10000
90 41 3 0 10000
90 40 10 0 10000
90 39 40 0 10000
90 37 17 0 10000
90 33 31 0 10000
90 31 38 0 10000
90 31 8 0 10000
90 30 45 0 10000
90 23 36 0 10000
90 23 6 0 10000
90 21 43 0 10000
90 21 13 0 10000
90 16 27 0 10000
90 15 34 0 10000
90 15 4 0 10000
90 11 48 0 10000
90 11 18 0 10000
90 9 55 0 10000
90 9 25 0 10000
90 5 39 0 10000
90 1 53 0 10000
91 78 20 0 10000
91 76 27 0 10000
91 74 4 0 10000
91 72 41 0 10000
91 70 48 0 10000
91 70 18 0 10000
91 68 25 0 10000
91 66 32 0 10000
91 64 39 0 10000
91 64 9 0 10000
91 63 46 0 10000
91 63 16 0 10000
91 60 53 0 10000
91 56 37 0 10000
91 56 7 0 10000
91 54 44 0 10000
91 54 14 0 10000
91 52 51 0 10000
91 52 21 0 10000
91 50 28 0 10000
91 49 5 0 10000
91 44 49 0 10000
91 44 19 0 10000
91 39 10 0 10000
91 36 24 0 10000
91 34 54 0 10000
91 33 1 0 10000
91 32 31 0 10000
91 30 38 0 10000
91 30 8 0 10000
91 29 15 0 10000
91 27 22 0 10000
91 25 29 0 10000
91 20 43 0 10000
91 20 13 0 10000
91 18 50 0 10000
91 18 20 0 10000
91 14 34 0 10000
91 13 11 0 10000
91 12 41 0 10000
91 7 2 0 10000
91 6 32 0 10000
91 4 39 0 10000
91 4 9 0 10000
91 3 46 0 10000
91 3 16 0 10000
91 1 23 0 10000
92 82 6 0 10000
92 78 50 0 10000
92 77 50 0 10000
92 77 20 0 10000
92 75 27 0 10000
92 74 34 0 10000
92 73 34 0 10000
92 73 4 0 10000
92 72 11 0 10000
92 71 41 0 10000
92 71 11 0 10000
92 69 18 0 10000
92 67 25 0 10000
92 66 2 0 10000
92 65 32 0 10000
92 63 39 0 10000
92 63 9 0 10000
92 62 46 0 10000
92 62 16 0 10000
92 60 23 0 10000
92 59 53 0 10000
92 59 23 0 10000
92 58 30 0 10000
92 57 30 0 10000
92 55 37 0 10000
92 55 7 0 10000
92 53 44 0 10000
92 53 14 0 10000
92 51 51 0 10000
92 51 21 0 10000
92 49 28 0 10000
92 48 5 0 10000
92 47 35 0 10000
92 46 12 0 10000
92 45 12 0 10000
92 43 49 0 10000
92 43 19 0 10000
92 42 26 0 10000
92 41 26 0 10000
92 40 3 0 10000
92 39 33 0 10000
92 39 3 0 10000
92 38 40 0 10000
92 38 10 0 10000
92 36 17 0 10000
92 35 24 0 10000
92 33 54 0 10000
92 32 1 0 10000
92 31 31 0 10000
92 29 45 0 10000
92 29 38 0 10000
92 29 8 0 10000
92 28 15 0 10000
92 26 22 0 10000
92 25 52 0 10000
92 24 29 0 10000
92 22 36 0 10000
92 22 6 0 10000
92 19 43 0 10000
92 19 13 0 10000
92 17 50 0 10000
92 17 20 0 10000
92 15 27 0 10000
92 14 4 0 10000
92 13 34 0 10000
92 13 4 0 10000
92 12 11 0 10000
92 11 41 0 10000
92 10 48 0 10000
92 10 18 0 10000
92 9 48 0 10000
92 9 18 0 10000
92 8 55 0 10000
92 8 25 0 10000
92 7 55 0 10000
92 7 25 0 10000
92 6 2 0 10000
92 5 32 0 10000
92 3 39 0 10000
92 3 9 0 10000
92 2 46 0 10000
92 2 16 0 10000
93 81 6 0 10000
93 80 6 0 10000
93 78 43 0 10000
93 78 13 0 10000
93 76 50 0 10000
93 76 20 0 10000
93 74 27 0 10000
93 72 34 0 10000
93 72 4 0 10000
93 70 41 0 10000
93 70 11 0 10000
93 68 48 0 10000
93 68 18 0 10000
93 66 25 0 10000
93 65 2 0 10000
93 64 32 0 10000
93 64 2 0 10000
93 62 39 0 10000
93 62 9 0 10000
93 61 46 0 10000
93 61 16 0 10000
93 60 16 0 10000
93 58 53 0 10000
93 58 23 0 10000
93 56 30 0 10000
93 54 37 0 10000
93 54 7 0 10000
93 52 44 0 10000
93 52 14 0 10000
93 50 51 0 10000
93 50 21 0 10000
93 48 28 0 10000
93 47 5 0 10000
93 46 35 0 10000
93 45 35 0 10000
93 44 42 0 10000
93 44 12 0 10000
93 42 49 0 10000
93 42 19 0 10000
93 40 26 0 10000
93 38 33 0 10000
93 38 3 0 10000
93 37 10 0 10000
93 35 17 0 10000
93 34 47 0 10000
93 34 24 0 10000
93 32 54 0 10000
93 31 1 0 10000
93 30 31 0 10000
93 28 45 0 10000
93 28 38 0 10000
93 28 8 0 10000
93 27 15 0 10000
93 25 22 0 10000
93 24 52 0 10000
93 23 29 0 10000
93 21 36 0 10000
93 21 6 0 10000
93 20 36 0 10000
93 20 6 0 10000
93 18 43 0 10000
93 18 13 0 10000
93 16 50 0 10000
93 16 20 0 10000
93 14 27 0 10000
93 13 27 0 10000
93 12 34 0 10000
93 12 4 0 10000
93 11 11 0 10000
93 10 41 0 10000
93 8 48 0 10000
93 8 18 0 10000
93 6 55 0 10000
93 6 25 0 10000
93 5 2 0 10000
93 4 32 0 10000
93 2 39 0 10000
93 2 9 0 10000
93 1 46 0 10000
93 1 16 0 10000
94 79 6 0 10000
94 77 43 0 10000
94 77 13 0 10000
94 75 50 0 10000
94 75 20 0 10000
94 73 27 0 10000
94 71 34 0 10000
94 71 4 0 10000
94 69 41 0 10000
94 69 11 0 10000
94 67 48 0 10000
94 67 18 0 10000
94 65 25 0 10000
94 63 32 0 10000
94 63 2 0 10000
94 61 39 0 10000
94 61 9 0 10000
94 60 46 0 10000
94 59 16 0 10000
94 57 53 0 10000
94 57 23 0 10000
94 55 30 0 10000
94 53 37 0 10000
94 53 7 0 10000
94 51 44 0 10000
94 51 14 0 10000
94 49 51 0 10000
94 49 21 0 10000
94 47 28 0 10000
94 46 5 0 10000
94 44 35 0 10000
94 43 42 0 10000
94 43 12 0 10000
94 41 49 0 10000
94 41 19 0 10000
94 40 19 0 10000
94 39 26 0 10000
94 37 33 0 10000
94 37 3 0 10000
94 36 10 0 10000
94 33 47 0 10000
94 33 24 0 10000
94 33 17 0 10000
94 32 24 0 10000
94 31 54 0 10000
94 30 1 0 10000
94 29 31 0 10000
94 27 38 0 10000
94 26 15 0 10000
94 24 22 0 10000
94 23 52 0 10000
94 23 22 0 10000
94 22 29 0 10000
94 21 29 0 10000
94 19 36 0 10000
94 19 6 0 10000
94 17 43 0 10000
94 17 13 0 10000
94 15 50 0 10000
94 15 20 0 10000
94 12 27 0 10000
94 11 34 0 10000
94 11 4 0 10000
94 10 11 0 10000
94 9 41 0 10000
94 7 48 0 10000
94 7 18 0 10000
94 5 55 0 10000
94 5 25 0 10000
94 4 2 0 10000
94 3 32 0 10000
94 3 2 0 10000
94 1 39 0 10000
94 1 9 0 10000
95 86 8 0 10000
95 78 36 0 10000
95 78 6 0 10000
95 76 43 0 10000
95 76 13 0 10000
95 75 13 0 10000
95 74 50 0 10000
95 74 20 0 10000
95 72 27 0 10000
95 70 34 0 10000
95 70 4 0 10000
95 68 41 0 10000
95 68 11 0 10000
95 66 48 0 10000
95 66 18 0 10000
95 64 25 0 10000
95 62 32 0 10000
95 62 2 0 10000
95 60 39 0 10000
95 60 9 0 10000
95 59 9 0 10000
95 58 16 0 10000
95 56 53 0 10000
95 56 23 0 10000
95 54 30 0 10000
95 52 37 0 10000
95 52 7 0 10000
95 50 44 0 10000
95 50 14 0 10000
95 48 51 0 10000
95 48 21 0 10000
95 46 28 0 10000
95 45 5 0 10000
95 43 35 0 10000
95 42 42 0 10000
95 42 12 0 10000
95 40 49 0 10000
95 39 19 0 10000
95 38 26 0 10000
95 36 33 0 10000
95 36 3 0 10000
95 35 10 0 10000
95 34 40 0 10000
95 34 10 0 10000
95 32 47 0 10000
95 32 17 0 10000
95 31 24 0 10000
95 30 54 0 10000
95 29 1 0 10000
95 28 31 0 10000
95 28 1 0 10000
95 26 38 0 10000
95 26 8 0 10000
95 25 45 0 10000
95 25 15 0 10000
95 22 52 0 10000
95 22 22 0 10000
95 20 29 0 10000
95 18 36 0 10000
95 18 6 0 10000
95 16 43 0 10000
95 16 13 0 10000
95 14 50 0 10000
95 14 20 0 10000
95 11 27 0 10000
95 10 34 0 10000
95 10 4 0 10000
95 9 11 0 10000
95 8 41 0 10000
95 8 11 0 10000
95 6 48 0 10000
95 6 18 0 10000
95 4 55 0 10000
95 4 25 0 10000
95 2 32 0 10000
95 2 2 0 10000
95 1 32 0 10000
96 85 8 0 10000
96 77 36 0 10000
96 77 6 0 10000
96 75 43 0 10000
96 73 50 0 10000
96 73 20 0 10000
96 71 27 0 10000
96 69 34 0 10000
96 69 4 0 10000
96 67 41 0 10000
96 67 11 0 10000
96 65 48 0 10000
96 65 18 0 10000
96 63 25 0 10000
96 61 32 0 10000
96 61 2 0 10000
96 59 39 0 10000
96 58 46 0 10000
96 55 53 0 10000
96 55 23 0 10000
96 53 30 0 10000
96 51 37 0 10000
96 51 7 0 10000
96 49 44 0 10000
96 49 14 0 10000
96 47 51 0 10000
96 47 21 0 10000
96 45 28 0 10000
96 44 5 0 10000
96 42 35 0 10000
96 41 42 0 10000
96 41 12 0 10000
96 39 49 0 10000
96 37 26 0 10000
96 35 33 0 10000
96 35 3 0 10000
96 33 40 0 10000
96 31 47 0 10000
96 31 17 0 10000
96 29 54 0 10000
96 27 31 0 10000
96 25 38 0 10000
96 25 8 0 10000
96 24 45 0 10000
96 24 15 0 10000
96 21 52 0 10000
96 17 36 0 10000
96 17 6 0 10000
96 15 43 0 10000
96 15 13 0 10000
96 13 50 0 10000
96 13 20 0 10000
96 9 34 0 10000
96 9 4 0 10000
96 5 48 0 10000
96 5 18 0 10000
96 3 55 0 10000
96 3 25 0 10000
97 86 1 0 10000
97 84 8 0 10000
97 78 29 0 10000
97 76 36 0 10000
97 76 6 0 10000
97 74 43 0 10000
97 74 13 0 10000
97 72 50 0 10000
97 72 20 0 10000
97 70 27 0 10000
97 68 34 0 10000
97 68 4 0 10000
97 66 41 0 10000
97 66 11 0 10000
97 64 48 0 10000
97 64 18 0 10000
97 62 25 0 10000
97 60 32 0 10000
97 60 2 0 10000
97 58 39 0 10000
97 58 9 0 10000
97 57 46 0 10000
97 57 16 0 10000
97 56 16 0 10000
97 54 53 0 10000
97 54 23 0 10000
97 52 30 0 10000
97 50 37 0 10000
97 50 7 0 10000
97 48 44 0 10000
97 48 14 0 10000
97 46 21 0 10000
97 44 28 0 10000
97 43 5 0 10000
97 41 35 0 10000
97 40 42 0 10000
97 40 12 0 10000
97 38 49 0 10000
97 38 19 0 10000
97 36 26 0 10000
97 34 33 0 10000
97 34 3 0 10000
97 33 10 0 10000
97 32 40 0 10000
97 30 47 0 10000
97 30 24 0 10000
97 30 17 0 10000
97 29 24 0 10000
97 28 54 0 10000
97 27 1 0 10000
97 26 31 0 10000
97 24 38 0 10000
97 24 8 0 10000
97 23 45 0 10000
97 23 15 0 10000
97 21 22 0 10000
97 20 52 0 10000
97 19 29 0 10000
97 16 36 0 10000
97 16 6 0 10000
97 14 43 0 10000
97 14 13 0 10000
97 12 50 0 10000
97 12 20 0 10000
97 10 27 0 10000
97 9 27 0 10000
97 8 34 0 10000
97 8 4 0 10000
97 7 11 0 10000
97 6 41 0 10000
97 4 48 0 10000
97 4 18 0 10000
97 2 55 0 10000
97 2 25 0 10000
97 1 2 0 10000
98 85 1 0 10000
98 83 8 0 10000
98 77 29 0 10000
98 75 36 0 10000
98 75 6 0 10000
98 73 43 0 10000
98 73 13 0 10000
98 71 50 0 10000
98 71 20 0 10000
98 69 27 0 10000
98 67 34 0 10000
98 67 4 0 10000
98 65 41 0 10000
98 65 11 0 10000
98 63 48 0 10000
98 63 18 0 10000
98 62 59 0 10000
98 61 25 0 10000
98 59 32 0 10000
98 59 2 0 10000
98 57 39 0 10000
98 57 9 0 10000
98 56 46 0 10000
98 56 9 0 10000
98 55 46 0 10000
98 55 16 0 10000
98 54 57 0 10000
98 53 53 0 10000
98 53 23 0 10000
98 51 30 0 10000
98 49 37 0 10000
98 49 7 0 10000
98 47 44 0 10000
98 47 14 0 10000
98 45 21 0 10000
98 44 51 0 10000
98 43 28 0 10000
98 42 5 0 10000
98 40 35 0 10000
98 39 42 0 10000
98 39 12 0 10000
98 37 19 0 10000
98 36 19 0 10000
98 35 26 0 10000
98 33 33 0 10000
98 33 3 0 10000
98 32 10 0 10000
98 31 40 0 10000
98 29 47 0 10000
98 29 17 0 10000
98 28 58 0 10000
98 28 24 0 10000
98 26 1 0 10000
98 25 31 0 10000
98 25 1 0 10000
98 23 38 0 10000
98 23 8 0 10000
98 22 45 0 10000
98 22 15 0 10000
98 20 56 0 10000
98 20 22 0 10000
98 19 52 0 10000
98 19 22 0 10000
98 18 29 0 10000
98 17 29 0 10000
98 15 36 0 10000
98 15 6 0 10000
98 13 43 0 10000
98 13 13 0 10000
98 11 50 0 10000
98 11 20 0 10000
98 8 27 0 10000
98 7 34 0 10000
98 7 4 0 10000
98 6 11 0 10000
98 5 41 0 10000
98 5 11 0 10000
98 3 48 0 10000
98 3 18 0 10000
98 2 59 0 10000
98 1 55 0 10000
98 1 25 0 10000
99 82 8 0 10000
99 78 52 0 10000
99 74 36 0 10000
99 72 43 0 10000
99 72 13 0 10000
99 70 50 0 10000
99 70 20 0 10000
99 68 27 0 10000
99 66 4 0 10000
99 64 41 0 10000
99 64 11 0 10000
99 62 48 0 10000
99 62 18 0 10000
99 61 59 0 10000
99 60 25 0 10000
99 58 32 0 10000
99 58 2 0 10000
99 56 39 0 10000
99 53 57 0 10000
99 52 53 0 10000
99 52 23 0 10000
99 50 30 0 10000
99 48 37 0 10000
99 48 7 0 10000
99 46 14 0 10000
99 44 21 0 10000
99 42 28 0 10000
99 41 5 0 10000
99 38 42 0 10000
99 38 12 0 10000
99 34 26 0 10000
99 32 33 0 10000
99 32 3 0 10000
99 31 10 0 10000
99 30 40 0 10000
99 28 47 0 10000
99 24 31 0 10000
99 22 38 0 10000
99 22 8 0 10000
99 21 15 0 10000
99 19 56 0 10000
99 18 52 0 10000
99 12 43 0 10000
99 12 13 0 10000
99 10 50 0 10000
99 10 20 0 10000
99 6 34 0 10000
99 6 4 0 10000
99 4 41 0 10000
99 2 48 0 10000
99 2 18 0 10000
99 1 59 0 10000
100 84 1 0 10000
100 83 1 0 10000
100 81 8 0 10000
100 78 56 0 10000
100 78 22 0 10000
100 77 56 0 10000
100 77 52 0 10000
100 77 22 0 10000
100 76 29 0 10000
100 75 29 0 10000
100 74 6 0 10000
100 73 36 0 10000
100 73 6 0 10000
100 71 43 0 10000
100 71 13 0 10000
100 69 50 0 10000
100 69 20 0 10000
100 67 27 0 10000
100 65 34 0 10000
100 65 4 0 10000
100 63 41 0 10000
100 63 11 0 10000
100 61 48 0 10000
100 61 18 0 10000
100 60 59 0 10000
100 59 59 0 10000
100 59 25 0 10000
100 57 32 0 10000
100 57 2 0 10000
100 55 39 0 10000
100 55 9 0 10000
100 54 46 0 10000
100 54 16 0 10000
100 53 16 0 10000
100 52 57 0 10000
100 51 57 0 10000
100 51 53 0 10000
100 51 23 0 10000
100 49 30 0 10000
100 47 37 0 10000
100 47 7 0 10000
100 45 14 0 10000
100 44 55 0 10000
100 43 55 0 10000
100 43 51 0 10000
100 43 21 0 10000
100 41 28 0 10000
100 40 5 0 10000
100 39 35 0 10000
100 38 35 0 10000
100 37 12 0 10000
100 35 19 0 10000
100 34 60 0 10000
100 33 60 0 10000
100 33 26 0 10000
100 31 33 0 10000
100 31 3 0 10000
100 30 10 0 10000
100 29 40 0 10000
100 28 17 0 10000
100 27 24 0 10000
100 27 17 0 10000
100 26 24 0 10000
100 25 58 0 10000
100 25 54 0 10000
100 24 1 0 10000
100 23 31 0 10000
100 21 45 0 10000
100 21 38 0 10000
100 21 8 0 10000
100 20 45 0 10000
100 20 15 0 10000
100 18 56 0 10000
100 18 22 0 10000
100 17 56 0 10000
100 17 52 0 10000
100 16 29 0 10000
100 15 29 0 10000
100 14 36 0 10000
100 14 6 0 10000
100 13 36 0 10000
100 13 6 0 10000
100 11 43 0 10000
100 11 13 0 10000
100 9 50 0 10000
100 9 20 0 10000
100 7 27 0 10000
100 6 27 0 10000
100 5 34 0 10000
100 5 4 0 10000
100 4 11 0 10000
100 3 41 0 10000
100 1 48 0 10000
100 1 18 0 10000
101 80 8 0 10000
101 76 56 0 10000
101 72 36 0 10000
101 70 43 0 10000
101 70 13 0 10000
101 64 4 0 10000
101 62 11 0 10000
101 60 48 0 10000
101 60 18 0 10000
101 58 59 0 10000
101 58 25 0 10000
101 56 32 0 10000
101 54 9 0 10000
101 53 46 0 10000
101 50 57 0 10000
101 46 37 0 10000
101 46 7 0 10000
101 44 44 0 10000
101 44 14 0 10000
101 42 55 0 10000
101 42 51 0 10000
101 39 5 0 10000
101 34 19 0 10000
101 32 60 0 10000
101 30 3 0 10000
101 29 10 0 10000
101 24 58 0 10000
101 23 1 0 10000
101 22 31 0 10000
101 20 38 0 10000
101 20 8 0 10000
101 19 15 0 10000
101 17 22 0 10000
101 16 56 0 10000
101 10 43 0 10000
101 10 13 0 10000
101 8 50 0 10000
101 8 20 0 10000
101 4 34 0 10000
101 3 11 0 10000
101 2 41 0 10000
102 82 1 0 10000
102 78 45 0 10000
102 78 15 0 10000
102 76 52 0 10000
102 76 22 0 10000
102 75 56 0 10000
102 74 29 0 10000
102 72 6 0 10000
102 68 50 0 10000
102 68 20 0 10000
102 66 27 0 10000
102 64 34 0 10000
102 62 41 0 10000
102 57 59 0 10000
102 56 2 0 10000
102 54 39 0 10000
102 53 9 0 10000
102 52 46 0 10000
102 52 16 0 10000
102 50 53 0 10000
102 50 23 0 10000
102 49 57 0 10000
102 48 30 0 10000
102 42 21 0 10000
102 41 55 0 10000
102 41 51 0 10000
102 40 28 0 10000
102 38 5 0 10000
102 37 35 0 10000
102 36 12 0 10000
102 34 49 0 10000
102 33 19 0 10000
102 32 26 0 10000
102 31 60 0 10000
102 30 33 0 10000
102 28 40 0 10000
102 28 10 0 10000
102 26 17 0 10000
102 25 24 0 10000
102 24 54 0 10000
102 23 58 0 10000
102 22 1 0 10000
102 19 45 0 10000
102 16 52 0 10000
102 16 22 0 10000
102 15 56 0 10000
102 14 29 0 10000
102 12 36 0 10000
102 12 6 0 10000
102 5 27 0 10000
102 4 4 0 10000
102 2 11 0 10000
103 81 1 0 10000
103 79 8 0 10000
103 77 45 0 10000
103 77 15 0 10000
103 75 52 0 10000
103 75 22 0 10000
103 74 56 0 10000
103 73 56 0 10000
103 73 29 0 10000
103 71 36 0 10000
103 71 6 0 10000
103 69 43 0 10000
103 69 13 0 10000
103 68 13 0 10000
103 67 50 0 10000
103 67 20 0 10000
103 65 27 0 10000
103 63 34 0 10000
103 63 4 0 10000
103 61 41 0 10000
103 61 11 0 10000
103 59 48 0 10000
103 59 18 0 10000
103 57 25 0 10000
103 56 59 0 10000
103 55 59 0 10000
103 55 32 0 10000
103 55 2 0 10000
103 53 39 0 10000
103 52 9 0 10000
103 51 46 0 10000
103 51 16 0 10000
103 49 53 0 10000
103 49 23 0 10000
103 48 57 0 10000
103 47 57 0 10000
103 47 30 0 10000
103 45 37 0 10000
103 45 7 0 10000
103 43 44 0 10000
103 43 14 0 10000
103 42 44 0 10000
103 41 21 0 10000
103 40 55 0 10000
103 39 55 0 10000
103 39 28 0 10000
103 37 5 0 10000
103 36 35 0 10000
103 35 12 0 10000
103 33 49 0 10000
103 32 19 0 10000
103 31 26 0 10000
103 29 33 0 10000
103 29 3 0 10000
103 27 10 0 10000
103 25 47 0 10000
103 25 17 0 10000
103 24 24 0 10000
103 23 54 0 10000
103 22 58 0 10000
103 21 58 0 10000
103 21 31 0 10000
103 21 1 0 10000
103 19 38 0 10000
103 19 8 0 10000
103 18 15 0 10000
103 15 52 0 10000
103 15 22 0 10000
103 14 56 0 10000
103 13 56 0 10000
103 13 29 0 10000
103 11 36 0 10000
103 11 6 0 10000
103 9 43 0 10000
103 9 13 0 10000
103 7 50 0 10000
103 7 20 0 10000
103 6 20 0 10000
103 4 27 0 10000
103 3 34 0 10000
103 3 4 0 10000
103 1 41 0 10000
103 1 11 0 10000
104 80 1 0 10000
104 78 38 0 10000
104 78 8 0 10000
104 76 15 0 10000
104 74 52 0 10000
104 74 22 0 10000
104 72 56 0 10000
104 72 29 0 10000
104 70 36 0 10000
104 70 6 0 10000
104 68 43 0 10000
104 66 50 0 10000
104 66 20 0 10000
104 64 27 0 10000
104 62 34 0 10000
104 62 4 0 10000
104 60 41 0 10000
104 60 11 0 10000
104 58 48 0 10000
104 58 18 0 10000
104 56 25 0 10000
104 54 59 0 10000
104 54 32 0 10000
104 54 2 0 10000
104 52 39 0 10000
104 50 16 0 10000
104 48 53 0 10000
104 48 23 0 10000
104 46 30 0 10000
104 44 37 0 10000
104 44 7 0 10000
104 42 14 0 10000
104 40 21 0 10000
104 38 55 0 10000
104 38 28 0 10000
104 35 35 0 10000
104 34 42 0 10000
104 32 49 0 10000
104 30 26 0 10000
104 28 60 0 10000
104 28 33 0 10000
104 28 3 0 10000
104 24 47 0 10000
104 24 17 0 10000
104 22 54 0 10000
104 20 58 0 10000
104 20 31 0 10000
104 20 1 0 10000
104 18 38 0 10000
104 18 8 0 10000
104 17 45 0 10000
104 17 15 0 10000
104 14 52 0 10000
104 14 22 0 10000
104 12 56 0 10000
104 12 29 0 10000
104 10 36 0 10000
104 10 6 0 10000
104 8 43 0 10000
104 8 13 0 10000
104 6 50 0 10000
104 3 27 0 10000
104 2 34 0 10000
104 2 4 0 10000
105 86 10 0 10000
105 85 10 0 10000
105 79 1 0 10000
105 77 38 0 10000
105 77 8 0 10000
105 76 45 0 10000
105 75 15 0 10000
105 73 52 0 10000
105 73 22 0 10000
105 71 56 0 10000
105 71 29 0 10000
105 69 36 0 10000
105 69 6 0 10000
105 67 43 0 10000
105 67 13 0 10000
105 65 50 0 10000
105 65 20 0 10000
105 63 27 0 10000
105 61 34 0 10000
105 61 4 0 10000
105 59 41 0 10000
105 59 11 0 10000
105 57 48 0 10000
105 57 18 0 10000
105 55 25 0 10000
105 53 59 0 10000
105 53 32 0 10000
105 53 2 0 10000
105 51 39 0 10000
105 51 9 0 10000
105 50 46 0 10000
105 49 46 0 10000
105 49 16 0 10000
105 47 53 0 10000
105 47 23 0 10000
105 45 30 0 10000
105 43 37 0 10000
105 43 7 0 10000
105 41 44 0 10000
105 41 14 0 10000
105 39 51 0 10000
105 39 21 0 10000
105 37 28 0 10000
105 36 5 0 10000
105 34 35 0 10000
105 33 42 0 10000
105 33 12 0 10000
105 31 49 0 10000
105 31 19 0 10000
105 30 19 0 10000
105 29 26 0 10000
105 27 33 0 10000
105 27 3 0 10000
105 26 10 0 10000
105 25 40 0 10000
105 25 10 0 10000
105 23 47 0 10000
105 23 24 0 10000
105 23 17 0 10000
105 22 24 0 10000
105 21 54 0 10000
105 19 58 0 10000
105 19 31 0 10000
105 19 1 0 10000
105 17 38 0 10000
105 17 8 0 10000
105 16 45 0 10000
105 16 15 0 10000
105 13 52 0 10000
105 13 22 0 10000
105 11 56 0 10000
105 11 29 0 10000
105 9 36 0 10000
105 9 6 0 10000
105 7 43 0 10000
105 7 13 0 10000
105 5 50 0 10000
105 5 20 0 10000
105 2 27 0 10000
105 1 34 0 10000
105 1 4 0 10000
106 86 3 0 10000
106 78 31 0 10000
106 76 38 0 10000
106 76 8 0 10000
106 75 45 0 10000
106 72 52 0 10000
106 68 36 0 10000
106 66 43 0 10000
106 66 13 0 10000
106 64 50 0 10000
106 64 20 0 10000
106 62 27 0 10000
106 60 34 0 10000
106 60 4 0 10000
106 58 41 0 10000
106 58 11 0 10000
106 56 48 0 10000
106 56 18 0 10000
106 54 25 0 10000
106 52 32 0 10000
106 50 39 0 10000
106 50 9 0 10000
106 42 37 0 10000
106 42 7 0 10000
106 40 44 0 10000
106 40 14 0 10000
106 38 51 0 10000
106 38 21 0 10000
106 36 28 0 10000
106 35 5 0 10000
106 32 42 0 10000
106 32 12 0 10000
106 30 49 0 10000
106 28 26 0 10000
106 26 33 0 10000
106 26 3 0 10000
106 24 40 0 10000
106 22 47 0 10000
106 20 54 0 10000
106 18 31 0 10000
106 16 38 0 10000
106 16 8 0 10000
106 15 15 0 10000
106 12 52 0 10000
106 6 43 0 10000
106 6 13 0 10000
106 4 50 0 10000
106 4 20 0 10000
107 85 3 0 10000
107 84 10 0 10000
107 78 1 0 10000
107 77 31 0 10000
107 75 38 0 10000
107 75 8 0 10000
107 74 45 0 10000
107 74 15 0 10000
107 72 22 0 10000
107 71 52 0 10000
107 70 29 0 10000
107 69 29 0 10000
107 68 6 0 10000
107 67 36 0 10000
107 67 6 0 10000
107 65 43 0 10000
107 65 13 0 10000
107 63 50 0 10000
107 63 20 0 10000
107 61 27 0 10000
107 59 34 0 10000
107 59 4 0 10000
107 57 41 0 10000
107 57 11 0 10000
107 55 48 0 10000
107 55 18 0 10000
107 53 25 0 10000
107 52 2 0 10000
107 51 32 0 10000
107 51 2 0 10000
107 49 39 0 10000
107 49 9 0 10000
107 48 46 0 10000
107 48 16 0 10000
107 46 23 0 10000
107 45 23 0 10000
107 44 30 0 10000
107 43 30 0 10000
107 41 37 0 10000
107 41 7 0 10000
107 39 44 0 10000
107 39 14 0 10000
107 37 21 0 10000
107 35 28 0 10000
107 34 5 0 10000
107 33 35 0 10000
107 32 35 0 10000
107 31 42 0 10000
107 31 12 0 10000
107 29 49 0 10000
107 29 19 0 10000
107 27 26 0 10000
107 25 33 0 10000
107 25 3 0 10000
107 24 10 0 10000
107 23 40 0 10000
107 22 17 0 10000
107 21 47 0 10000
107 21 24 0 10000
107 21 17 0 10000
107 19 54 0 10000
107 18 1 0 10000
107 17 31 0 10000
107 15 45 0 10000
107 15 38 0 10000
107 15 8 0 10000
107 14 45 0 10000
107 14 15 0 10000
107 12 22 0 10000
107 11 52 0 10000
107 10 29 0 10000
107 8 36 0 10000
107 8 6 0 10000
107 7 6 0 10000
107 5 43 0 10000
107 5 13 0 10000
107 3 50 0 10000
107 3 20 0 10000
107 1 27 0 10000
108 84 3 0 10000
108 83 10 0 10000
108 78 54 0 10000
108 78 24 0 10000
108 77 1 0 10000
108 76 31 0 10000
108 76 1 0 10000
108 74 38 0 10000
108 74 8 0 10000
108 73 45 0 10000
108 73 15 0 10000
108 72 15 0 10000
108 71 22 0 10000
108 70 52 0 10000
108 70 22 0 10000
108 68 29 0 10000
108 66 36 0 10000
108 66 6 0 10000
108 64 43 0 10000
108 64 13 0 10000
108 62 50 0 10000
108 62 20 0 10000
108 60 27 0 10000
108 58 34 0 10000
108 58 4 0 10000
108 56 41 0 10000
108 56 11 0 10000
108 54 48 0 10000
108 54 18 0 10000
108 52 25 0 10000
108 50 32 0 10000
108 50 2 0 10000
108 48 39 0 10000
108 48 9 0 10000
108 47 46 0 10000
108 47 16 0 10000
108 46 16 0 10000
108 44 53 0 10000
108 44 23 0 10000
108 42 30 0 10000
108 40 37 0 10000
108 40 7 0 10000
108 38 44 0 10000
108 38 14 0 10000
108 36 21 0 10000
108 34 28 0 10000
108 33 5 0 10000
108 31 35 0 10000
108 30 42 0 10000
108 30 12 0 10000
108 28 49 0 10000
108 28 19 0 10000
108 26 26 0 10000
108 24 33 0 10000
108 24 3 0 10000
108 23 10 0 10000
108 22 40 0 10000
108 20 47 0 10000
108 20 24 0 10000
108 20 17 0 10000
108 19 24 0 10000
108 18 54 0 10000
108 17 1 0 10000
108 16 31 0 10000
108 16 1 0 10000
108 14 38 0 10000
108 14 8 0 10000
108 13 45 0 10000
108 13 15 0 10000
108 11 22 0 10000
108 10 52 0 10000
108 10 22 0 10000
108 9 29 0 10000
108 8 29 0 10000
108 6 36 0 10000
108 6 6 0 10000
108 4 43 0 10000
108 4 13 0 10000
108 2 50 0 10000
108 2 20 0 10000
109 83 3 0 10000
109 82 10 0 10000
109 81 10 0 10000
109 77 54 0 10000
109 77 24 0 10000
109 75 31 0 10000
109 75 1 0 10000
109 74 31 0 10000
109 73 38 0 10000
109 73 8 0 10000
109 72 45 0 10000
109 71 45 0 10000
109 71 15 0 10000
109 69 52 0 10000
109 69 22 0 10000
109 67 29 0 10000
109 65 36 0 10000
109 65 6 0 10000
109 63 43 0 10000
109 63 13 0 10000
109 61 50 0 10000
109 61 20 0 10000
109 59 27 0 10000
109 57 34 0 10000
109 57 4 0 10000
109 55 41 0 10000
109 55 11 0 10000
109 53 48 0 10000
109 51 25 0 10000
109 49 32 0 10000
109 49 2 0 10000
109 47 39 0 10000
109 47 9 0 10000
109 46 9 0 10000
109 45 16 0 10000
109 43 53 0 10000
109 43 23 0 10000
109 41 30 0 10000
109 39 37 0 10000
109 39 7 0 10000
109 37 14 0 10000
109 35 21 0 10000
109 34 51 0 10000
109 33 28 0 10000
109 32 5 0 10000
109 31 5 0 10000
109 30 35 0 10000
109 29 42 0 10000
109 29 12 0 10000
109 27 19 0 10000
109 26 19 0 10000
109 25 26 0 10000
109 23 33 0 10000
109 23 3 0 10000
109 22 10 0 10000
109 21 40 0 10000
109 21 10 0 10000
109 19 47 0 10000
109 19 17 0 10000
109 18 24 0 10000
109 17 54 0 10000
109 15 31 0 10000
109 15 1 0 10000
109 13 38 0 10000
109 13 8 0 10000
109 12 45 0 10000
109 12 15 0 10000
109 9 52 0 10000
109 9 22 0 10000
109 7 29 0 10000
109 5 36 0 10000
109 5 6 0 10000
109 3 43 0 10000
109 3 13 0 10000
109 1 50 0 10000
109 1 20 0 10000
110 82 3 0 10000
110 80 10 0 10000
110 78 47 0 10000
110 78 17 0 10000
110 76 54 0 10000
110 76 24 0 10000
110 74 1 0 10000
110 73 31 0 10000
110 72 38 0 10000
110 72 8 0 10000
110 70 45 0 10000
110 70 15 0 10000
110 68 52 0 10000
110 68 22 0 10000
110 66 29 0 10000
110 64 36 0 10000
110 64 6 0 10000
110 62 43 0 10000
110 62 13 0 10000
110 60 50 0 10000
110 60 20 0 10000
110 58 27 0 10000
110 56 34 0 10000
110 56 4 0 10000
110 54 41 0 10000
110 54 11 0 10000
110 52 48 0 10000
110 52 18 0 10000
110 50 25 0 10000
110 48 32 0 10000
110 48 2 0 10000
110 45 9 0 10000
110 44 46 0 10000
110 44 16 0 10000
110 42 53 0 10000
110 42 23 0 10000
110 40 30 0 10000
110 38 37 0 10000
110 38 7 0 10000
110 36 14 0 10000
110 34 21 0 10000
110 33 51 0 10000
110 32 28 0 10000
110 30 5 0 10000
110 29 35 0 10000
110 28 12 0 10000
110 25 19 0 10000
110 24 26 0 10000
110 22 33 0 10000
110 22 3 0 10000
110 20 40 0 10000
110 20 10 0 10000
110 18 47 0 10000
110 18 17 0 10000
110 17 24 0 10000
110 16 54 0 10000
110 14 31 0 10000
110 14 1 0 10000
110 12 38 0 10000
110 12 8 0 10000
110 11 45 0 10000
110 11 15 0 10000
110 8 52 0 10000
110 8 22 0 10000
110 6 29 0 10000
110 4 36 0 10000
110 4 6 0 10000
110 2 43 0 10000
110 2 13 0 10000
111 81 3 0 10000
111 77 47 0 10000
111 77 17 0 10000
111 75 54 0 10000
111 75 24 0 10000
111 73 1 0 10000
111 71 38 0 10000
111 71 8 0 10000
111 69 15 0 10000
111 67 52 0 10000
111 67 22 0 10000
111 65 29 0 10000
111 63 36 0 10000
111 63 6 0 10000
111 61 43 0 10000
111 61 13 0 10000
111 59 50 0 10000
111 59 20 0 10000
111 57 27 0 10000
111 55 34 0 10000
111 55 4 0 10000
111 53 41 0 10000
111 53 11 0 10000
111 51 48 0 10000
111 51 18 0 10000
111 49 25 0 10000
111 47 32 0 10000
111 47 2 0 10000
111 43 16 0 10000
111 41 53 0 10000
111 41 23 0 10000
111 39 30 0 10000
111 37 37 0 10000
111 37 7 0 10000
111 35 14 0 10000
111 33 21 0 10000
111 31 28 0 10000
111 28 35 0 10000
111 27 12 0 10000
111 25 49 0 10000
111 23 26 0 10000
111 21 33 0 10000
111 21 3 0 10000
111 19 40 0 10000
111 17 47 0 10000
111 17 17 0 10000
111 16 24 0 10000
111 15 54 0 10000
111 13 31 0 10000
111 13 1 0 10000
111 11 38 0 10000
111 11 8 0 10000
111 10 45 0 10000
111 10 15 0 10000
111 7 52 0 10000
111 7 22 0 10000
111 5 29 0 10000
111 3 36 0 10000
111 3 6 0 10000
111 1 43 0 10000
111 1 13 0 10000
112 79 10 0 10000
112 78 40 0 10000
112 72 31 0 10000
112 70 38 0 10000
112 70 8 0 10000
112 69 45 0 10000
112 66 52 0 10000
112 62 36 0 10000
112 60 43 0 10000
112 60 13 0 10000
112 58 20 0 10000
112 56 27 0 10000
112 54 34 0 10000
112 54 4 0 10000
112 52 41 0 10000
112 52 11 0 10000
112 50 48 0 10000
112 50 18 0 10000
112 48 25 0 10000
112 46 32 0 10000
112 44 39 0 10000
112 44 9 0 10000
112 43 46 0 10000
112 40 53 0 10000
112 36 37 0 10000
112 36 7 0 10000
112 34 44 0 10000
112 32 51 0 10000
112 32 21 0 10000
112 30 28 0 10000
112 29 5 0 10000
112 24 49 0 10000
112 24 19 0 10000
112 20 33 0 10000
112 20 3 0 10000
112 19 10 0 10000
112 16 47 0 10000
112 14 54 0 10000
112 12 31 0 10000
112 10 38 0 10000
112 10 8 0 10000
112 6 52 0 10000
113 80 3 0 10000
113 78 10 0 10000
113 76 47 0 10000
113 76 17 0 10000
113 74 54 0 10000
113 74 24 0 10000
113 72 1 0 10000
113 68 45 0 10000
113 68 15 0 10000
113 66 22 0 10000
113 64 29 0 10000
113 62 6 0 10000
113 58 50 0 10000
113 46 2 0 10000
113 43 9 0 10000
113 42 46 0 10000
113 42 16 0 10000
113 40 23 0 10000
113 38 30 0 10000
113 31 51 0 10000
113 28 5 0 10000
113 27 35 0 10000
113 26 12 0 10000
113 23 19 0 10000
113 22 26 0 10000
113 18 40 0 10000
113 18 10 0 10000
113 16 17 0 10000
113 15 24 0 10000
113 12 1 0 10000
113 9 45 0 10000
113 6 22 0 10000
113 4 29 0 10000
113 2 36 0 10000
113 2 6 0 10000
114 79 3 0 10000
114 77 40 0 10000
114 77 10 0 10000
114 76 40 0 10000
114 75 47 0 10000
114 75 17 0 10000
114 73 54 0 10000
114 73 24 0 10000
114 71 31 0 10000
114 71 1 0 10000
114 70 31 0 10000
114 69 38 0 10000
114 69 8 0 10000
114 67 45 0 10000
114 67 15 0 10000
114 65 52 0 10000
114 65 22 0 10000
114 63 29 0 10000
114 61 36 0 10000
114 61 6 0 10000
114 59 43 0 10000
114 59 13 0 10000
114 58 13 0 10000
114 57 50 0 10000
114 57 20 0 10000
114 55 27 0 10000
114 53 34 0 10000
114 53 4 0 10000
114 51 41 0 10000
114 51 11 0 10000
114 49 48 0 10000
114 49 18 0 10000
114 47 25 0 10000
114 45 32 0 10000
114 45 2 0 10000
114 43 39 0 10000
114 42 9 0 10000
114 41 46 0 10000
114 41 16 0 10000
114 39 53 0 10000
114 39 23 0 10000
114 37 30 0 10000
114 35 37 0 10000
114 35 7 0 10000
114 33 44 0 10000
114 33 14 0 10000
114 32 44 0 10000
114 31 21 0 10000
114 30 51 0 10000
114 29 28 0 10000
114 27 5 0 10000
114 26 35 0 10000
114 25 42 0 10000
114 25 12 0 10000
114 23 49 0 10000
114 22 19 0 10000
114 21 26 0 10000
114 19 33 0 10000
114 19 3 0 10000
114 17 40 0 10000
114 17 10 0 10000
114 15 47 0 10000
114 15 17 0 10000
114 14 24 0 10000
114 13 54 0 10000
114 11 31 0 10000
114 9 38 0 10000
114 9 8 0 10000
114 8 45 0 10000
114 8 15 0 10000
114 5 52 0 10000
114 3 29 0 10000
114 1 36 0 10000
114 1 6 0 10000
115 86 5 0 10000
115 78 33 0 10000
115 78 3 0 10000
115 74 47 0 10000
115 72 54 0 10000
115 72 24 0 10000
115 70 1 0 10000
115 68 38 0 10000
115 68 8 0 10000
115 66 15 0 10000
115 64 52 0 10000
115 64 22 0 10000
115 62 29 0 10000
115 60 36 0 10000
115 60 6 0 10000
115 58 43 0 10000
115 56 50 0 10000
115 56 20 0 10000
115 54 27 0 10000
115 52 34 0 10000
115 52 4 0 10000
115 50 41 0 10000
115 50 11 0 10000
115 48 48 0 10000
115 48 18 0 10000
115 46 25 0 10000
115 44 32 0 10000
115 44 2 0 10000
115 42 39 0 10000
115 40 16 0 10000
115 38 53 0 10000
115 38 23 0 10000
115 36 30 0 10000
115 34 37 0 10000
115 34 7 0 10000
115 32 14 0 10000
115 30 21 0 10000
115 28 28 0 10000
115 25 35 0 10000
115 24 42 0 10000
115 24 12 0 10000
115 22 49 0 10000
115 20 26 0 10000
115 18 33 0 10000
115 18 3 0 10000
115 16 40 0 10000
115 14 47 0 10000
115 14 17 0 10000
115 12 54 0 10000
115 10 31 0 10000
115 10 1 0 10000
115 8 38 0 10000
115 8 8 0 10000
115 7 15 0 10000
115 4 52 0 10000
116 85 5 0 10000
116 78 26 0 10000
116 77 33 0 10000
116 77 3 0 10000
116 76 10 0 10000
116 75 40 0 10000
116 73 47 0 10000
116 73 17 0 10000
116 71 54 0 10000
116 71 24 0 10000
116 69 31 0 10000
116 69 1 0 10000
116 67 38 0 10000
116 67 8 0 10000
116 65 15 0 10000
116 63 52 0 10000
116 63 22 0 10000
116 61 29 0 10000
116 59 36 0 10000
116 59 6 0 10000
116 57 43 0 10000
116 57 13 0 10000
116 55 50 0 10000
116 55 20 0 10000
116 53 27 0 10000
116 51 34 0 10000
116 51 4 0 10000
116 49 41 0 10000
116 49 11 0 10000
116 47 48 0 10000
116 47 18 0 10000
116 45 25 0 10000
116 43 32 0 10000
116 43 2 0 10000
116 41 39 0 10000
116 41 9 0 10000
116 40 46 0 10000
116 39 16 0 10000
116 37 23 0 10000
116 35 30 0 10000
116 33 37 0 10000
116 33 7 0 10000
116 31 44 0 10000
116 31 14 0 10000
116 29 51 0 10000
116 29 21 0 10000
116 27 28 0 10000
116 26 5 0 10000
116 24 35 0 10000
116 23 42 0 10000
116 23 12 0 10000
116 21 49 0 10000
116 21 19 0 10000
116 19 26 0 10000
116 17 33 0 10000
116 17 3 0 10000
116 16 10 0 10000
116 15 40 0 10000
116 13 47 0 10000
116 13 24 0 10000
116 13 17 0 10000
116 11 54 0 10000
116 9 31 0 10000
116 9 1 0 10000
116 7 8 0 10000
116 6 45 0 10000
116 6 15 0 10000
116 4 22 0 10000
116 3 52 0 10000
116 2 29 0 10000
117 84 5 0 10000
117 77 26 0 10000
117 76 33 0 10000
117 76 3 0 10000
117 75 33 0 10000
117 75 10 0 10000
117 74 40 0 10000
117 74 10 0 10000
117 73 40 0 10000
117 72 47 0 10000
117 72 17 0 10000
117 70 54 0 10000
117 70 24 0 10000
117 68 31 0 10000
117 68 1 0 10000
117 67 31 0 10000
117 66 38 0 10000
117 66 8 0 10000
117 65 45 0 10000
117 64 45 0 10000
117 64 15 0 10000
117 62 52 0 10000
117 62 22 0 10000
117 60 29 0 10000
117 58 36 0 10000
117 58 6 0 10000
117 56 43 0 10000
117 56 13 0 10000
117 54 50 0 10000
117 54 20 0 10000
117 52 27 0 10000
117 51 27 0 10000
117 50 34 0 10000
117 50 4 0 10000
117 49 34 0 10000
117 48 41 0 10000
117 48 11 0 10000
117 47 41 0 10000
117 46 18 0 10000
117 42 32 0 10000
117 42 2 0 10000
117 40 39 0 10000
117 40 9 0 10000
117 39 46 0 10000
117 39 9 0 10000
117 38 46 0 10000
117 38 16 0 10000
117 36 23 0 10000
117 34 30 0 10000
117 32 37 0 10000
117 32 7 0 10000
117 30 44 0 10000
117 30 14 0 10000
117 29 44 0 10000
117 28 51 0 10000
117 28 21 0 10000
117 27 21 0 10000
117 26 28 0 10000
117 25 28 0 10000
117 25 5 0 10000
117 24 5 0 10000
117 23 35 0 10000
117 22 42 0 10000
117 22 12 0 10000
117 20 49 0 10000
117 20 19 0 10000
117 19 19 0 10000
117 18 26 0 10000
117 16 33 0 10000
117 16 3 0 10000
117 15 10 0 10000
117 14 40 0 10000
117 14 10 0 10000
117 12 47 0 10000
117 12 24 0 10000
117 12 17 0 10000
117 11 47 0 10000
117 11 24 0 10000
117 10 54 0 10000
117 9 54 0 10000
117 8 31 0 10000
117 8 1 0 10000
117 6 38 0 10000
117 6 8 0 10000
117 5 45 0 10000
117 5 15 0 10000
117 4 15 0 10000
117 3 22 0 10000
117 2 52 0 10000
117 2 22 0 10000
117 1 52 0 10000
117 1 29 0 10000
118 83 5 0 10000
118 76 26 0 10000
118 75 3 0 10000
118 72 40 0 10000
118 71 47 0 10000
118 71 17 0 10000
118 69 54 0 10000
118 65 38 0 10000
118 65 8 0 10000
118 63 45 0 10000
118 63 15 0 10000
118 61 52 0 10000
118 61 22 0 10000
118 59 29 0 10000
118 57 36 0 10000
118 57 6 0 10000
118 55 43 0 10000
118 55 13 0 10000
118 53 50 0 10000
118 53 20 0 10000
118 49 4 0 10000
118 47 11 0 10000
118 45 18 0 10000
118 43 25 0 10000
118 41 32 0 10000
118 41 2 0 10000
118 39 39 0 10000
118 37 16 0 10000
118 35 23 0 10000
118 33 30 0 10000
118 31 37 0 10000
118 31 7 0 10000
118 29 14 0 10000
118 22 35 0 10000
118 21 42 0 10000
118 21 12 0 10000
118 19 49 0 10000
118 17 26 0 10000
118 15 33 0 10000
118 15 3 0 10000
118 13 40 0 10000
118 11 17 0 10000
118 7 31 0 10000
118 7 1 0 10000
118 5 38 0 10000
118 5 8 0 10000
118 4 45 0 10000
119 82 5 0 10000
119 78 49 0 10000
119 78 19 0 10000
119 75 26 0 10000
119 74 33 0 10000
119 74 3 0 10000
119 73 10 0 10000
119 71 40 0 10000
119 70 47 0 10000
119 70 17 0 10000
119 68 54 0 10000
119 68 24 0 10000
119 67 1 0 10000
119 66 31 0 10000
119 64 38 0 10000
119 64 8 0 10000
119 62 45 0 10000
119 62 15 0 10000
119 60 52 0 10000
119 60 22 0 10000
119 58 29 0 10000
119 56 36 0 10000
119 56 6 0 10000
119 54 43 0 10000
119 54 13 0 10000
119 52 50 0 10000
119 52 20 0 10000
119 50 27 0 10000
119 48 34 0 10000
119 48 4 0 10000
119 46 11 0 10000
119 44 18 0 10000
119 42 25 0 10000
119 40 32 0 10000
119 40 2 0 10000
119 38 39 0 10000
119 38 9 0 10000
119 34 53 0 10000
119 34 23 0 10000
119 32 30 0 10000
119 30 37 0 10000
119 30 7 0 10000
119 28 44 0 10000
119 28 14 0 10000
119 26 21 0 10000
119 25 51 0 10000
119 24 28 0 10000
119 23 5 0 10000
119 21 35 0 10000
119 20 42 0 10000
119 20 12 0 10000
119 18 49 0 10000
119 18 19 0 10000
119 16 26 0 10000
119 14 33 0 10000
119 14 3 0 10000
119 13 10 0 10000
119 12 40 0 10000
119 10 47 0 10000
119 10 24 0 10000
119 10 17 0 10000
119 9 47 0 10000
119 8 54 0 10000
119 6 31 0 10000
119 6 1 0 10000
119 4 38 0 10000
119 4 8 0 10000
119 3 45 0 10000
119 3 15 0 10000
119 1 22 0 10000
120 81 5 0 10000
120 77 49 0 10000
120 77 19 0 10000
120 74 26 0 10000
120 73 33 0 10000
120 73 3 0 10000
120 72 10 0 10000
120 70 40 0 10000
120 69 17 0 10000
120 67 54 0 10000
120 67 24 0 10000
120 66 1 0 10000
120 65 31 0 10000
120 63 38 0 10000
120 63 8 0 10000
120 61 45 0 10000
120 59 52 0 10000
120 57 29 0 10000
120 55 36 0 10000
120 55 6 0 10000
120 53 43 0 10000
120 53 13 0 10000
120 51 50 0 10000
120 51 20 0 10000
120 49 27 0 10000
120 47 34 0 10000
120 47 4 0 10000
120 45 11 0 10000
120 43 48 0 10000
120 43 18 0 10000
120 41 25 0 10000
120 39 32 0 10000
120 39 2 0 10000
120 37 9 0 10000
120 36 16 0 10000
120 33 53 0 10000
120 33 23 0 10000
120 31 30 0 10000
120 29 37 0 10000
120 29 7 0 10000
120 27 14 0 10000
120 25 21 0 10000
120 24 51 0 10000
120 23 28 0 10000
120 22 5 0 10000
120 20 35 0 10000
120 19 42 0 10000
120 19 12 0 10000
120 17 49 0 10000
120 17 19 0 10000
120 15 26 0 10000
120 13 33 0 10000
120 13 3 0 10000
120 12 10 0 10000
120 11 40 0 10000
120 9 24 0 10000
120 9 17 0 10000
120 8 47 0 10000
120 7 54 0 10000
120 5 31 0 10000
120 5 1 0 10000
120 3 38 0 10000
120 3 8 0 10000
120 2 45 0 10000
120 2 15 0 10000
121 80 5 0 10000
121 78 42 0 10000
121 78 12 0 10000
121 76 49 0 10000
121 76 19 0 10000
121 73 26 0 10000
121 72 33 0 10000
121 72 3 0 10000
121 71 10 0 10000
121 69 40 0 10000
121 68 47 0 10000
121 68 17 0 10000
121 66 54 0 10000
121 66 24 0 10000
121 65 1 0 10000
121 64 31 0 10000
121 62 38 0 10000
121 62 8 0 10000
121 61 15 0 10000
121 60 45 0 10000
121 59 22 0 10000
121 58 52 0 10000
121 54 36 0 10000
121 54 6 0 10000
121 52 43 0 10000
121 52 13 0 10000
121 50 50 0 10000
121 50 20 0 10000
121 48 27 0 10000
121 46 34 0 10000
121 46 4 0 10000
121 44 41 0 10000
121 44 11 0 10000
121 42 18 0 10000
121 40 25 0 10000
121 38 32 0 10000
121 38 2 0 10000
121 36 9 0 10000
121 35 16 0 10000
121 34 46 0 10000
121 32 53 0 10000
121 32 23 0 10000
121 30 30 0 10000
121 28 37 0 10000
121 28 7 0 10000
121 26 14 0 10000
121 24 21 0 10000
121 23 51 0 10000
121 22 28 0 10000
121 21 5 0 10000
121 19 35 0 10000
121 18 42 0 10000
121 18 12 0 10000
121 16 49 0 10000
121 16 19 0 10000
121 14 26 0 10000
121 12 33 0 10000
121 12 3 0 10000
121 11 10 0 10000
121 10 40 0 10000
121 8 24 0 10000
121 6 54 0 10000
121 4 31 0 10000
121 2 38 0 10000
121 2 8 0 10000
121 1 45 0 10000
121 1 15 0 10000
122 77 42 0 10000
122 77 12 0 10000
122 75 49 0 10000
122 75 19 0 10000
122 72 26 0 10000
122 71 33 0 10000
122 71 3 0 10000
122 70 10 0 10000
122 68 40 0 10000
122 67 47 0 10000
122 65 54 0 10000
122 65 24 0 10000
122 64 1 0 10000
122 63 31 0 10000
122 61 38 0 10000
122 61 8 0 10000
122 60 15 0 10000
122 58 22 0 10000
122 57 52 0 10000
122 56 29 0 10000
122 53 36 0 10000
122 51 43 0 10000
122 51 13 0 10000
122 49 50 0 10000
122 49 20 0 10000
122 47 27 0 10000
122 45 34 0 10000
122 45 4 0 10000
122 43 41 0 10000
122 43 11 0 10000
122 41 48 0 10000
122 41 18 0 10000
122 39 25 0 10000
122 37 32 0 10000
122 35 9 0 10000
122 34 16 0 10000
122 33 46 0 10000
122 31 53 0 10000
122 29 30 0 10000
122 27 37 0 10000
122 25 44 0 10000
122 25 14 0 10000
122 23 21 0 10000
122 22 51 0 10000
122 21 28 0 10000
122 20 5 0 10000
122 18 35 0 10000
122 17 42 0 10000
122 17 12 0 10000
122 15 49 0 10000
122 15 19 0 10000
122 13 26 0 10000
122 11 33 0 10000
122 11 3 0 10000
122 10 10 0 10000
122 9 40 0 10000
122 8 17 0 10000
122 7 47 0 10000
122 7 24 0 10000
122 5 54 0 10000
122 4 1 0 10000
122 3 31 0 10000
122 1 38 0 10000
122 1 8 0 10000
123 86 7 0 10000
123 79 5 0 10000
123 78 35 0 10000
123 78 5 0 10000
123 76 42 0 10000
123 76 12 0 10000
123 74 49 0 10000
123 74 19 0 10000
123 71 26 0 10000
123 70 33 0 10000
123 70 3 0 10000
123 69 10 0 10000
123 67 40 0 10000
123 67 17 0 10000
123 66 47 0 10000
123 66 17 0 10000
123 64 54 0 10000
123 64 24 0 10000
123 63 1 0 10000
123 62 31 0 10000
123 60 38 0 10000
123 60 8 0 10000
123 59 15 0 10000
123 58 45 0 10000
123 57 22 0 10000
123 56 52 0 10000
123 55 29 0 10000
123 54 29 0 10000
123 53 6 0 10000
123 52 36 0 10000
123 52 6 0 10000
123 50 43 0 10000
123 50 13 0 10000
123 48 50 0 10000
123 48 20 0 10000
123 46 27 0 10000
123 44 34 0 10000
123 44 4 0 10000
123 42 41 0 10000
123 42 11 0 10000
123 40 48 0 10000
123 40 18 0 10000
123 38 25 0 10000
123 37 2 0 10000
123 36 32 0 10000
123 36 2 0 10000
123 34 39 0 10000
123 34 9 0 10000
123 33 16 0 10000
123 32 46 0 10000
123 31 23 0 10000
123 30 53 0 10000
123 28 30 0 10000
123 26 37 0 10000
123 26 7 0 10000
123 24 44 0 10000
123 24 14 0 10000
123 22 21 0 10000
123 21 51 0 10000
123 20 28 0 10000
123 19 5 0 10000
123 17 35 0 10000
123 16 42 0 10000
123 16 12 0 10000
123 14 49 0 10000
123 14 19 0 10000
123 12 26 0 10000
123 10 33 0 10000
123 10 3 0 10000
123 9 10 0 10000
123 8 40 0 10000
123 7 17 0 10000
123 6 47 0 10000
123 6 24 0 10000
123 6 17 0 10000
123 4 54 0 10000
123 3 1 0 10000
123 2 31 0 10000
124 85 7 0 10000
124 77 35 0 10000
124 77 5 0 10000
124 75 42 0 10000
124 75 12 0 10000
124 73 49 0 10000
124 73 19 0 10000
124 69 33 0 10000
124 69 3 0 10000
124 68 10 0 10000
124 67 10 0 10000
124 65 47 0 10000
124 65 17 0 10000
124 63 54 0 10000
124 63 24 0 10000
124 62 1 0 10000
124 61 31 0 10000
124 61 1 0 10000
124 59 38 0 10000
124 59 8 0 10000
124 58 15 0 10000
124 57 45 0 10000
124 57 15 0 10000
124 56 22 0 10000
124 55 52 0 10000
124 55 22 0 10000
124 53 29 0 10000
124 51 36 0 10000
124 51 6 0 10000
124 49 43 0 10000
124 49 13 0 10000
124 47 50 0 10000
124 47 20 0 10000
124 45 27 0 10000
124 43 34 0 10000
124 43 4 0 10000
124 41 41 0 10000
124 41 11 0 10000
124 39 48 0 10000
124 39 18 0 10000
124 37 25 0 10000
124 35 32 0 10000
124 35 2 0 10000
124 33 39 0 10000
124 33 9 0 10000
124 32 16 0 10000
124 31 46 0 10000
124 31 16 0 10000
124 29 53 0 10000
124 29 23 0 10000
124 27 30 0 10000
124 25 37 0 10000
124 25 7 0 10000
124 23 44 0 10000
124 23 14 0 10000
124 21 21 0 10000
124 19 28 0 10000
124 18 5 0 10000
124 17 5 0 10000
124 15 42 0 10000
124 15 12 0 10000
124 13 49 0 10000
124 13 19 0 10000
124 11 26 0 10000
124 9 33 0 10000
124 9 3 0 10000
124 8 10 0 10000
124 7 10 0 10000
124 5 47 0 10000
124 5 24 0 10000
124 5 17 0 10000
124 4 24 0 10000
124 3 54 0 10000
124 3 24 0 10000
124 2 1 0 10000
124 1 31 0 10000
124 1 1 0 10000
